[ -4.97032150e+00   1.76240229e+00  -1.14884674e-03   1.12923712e-03]


[ -4.97032150e+00   1.76240229e+00  -1.14884674e-03   1.12923712e-03]


[-4.97167701  1.76215072 -0.01093727 -0.01028045]


[-4.97167701  1.76215072 -0.01093727 -0.01028045]


[-4.97167701  1.76215072 -0.01093727 -0.01028045]


[-4.97055347  1.76032828 -0.01630942 -0.00648646]


[-4.97055347  1.76032828 -0.01630942 -0.00648646]


[-4.96726302  1.75668039 -0.02075283 -0.00603534]


[-4.96726302  1.75668039 -0.02075283 -0.00603534]


[-4.96182581  1.75144707 -0.02444972 -0.00677816]


[-4.96182581  1.75144707 -0.02444972 -0.00677816]


[-4.95408738  1.74484629 -0.02752768 -0.00745827]


[-4.95408738  1.74484629 -0.02752768 -0.00745827]


[-4.94091393  1.73495819 -0.03065419 -0.00770747]


[-4.94091393  1.73495819 -0.03065419 -0.00770747]


[-4.92363513  1.72353474 -0.03312658 -0.00740475]


[-4.91967871  1.72108959 -0.03355659 -0.00739044]


[-4.91967871  1.72108959 -0.03355659 -0.00739044]


[-4.9021909   1.71083271 -0.03508317 -0.00679775]


[-4.9021909   1.71083271 -0.03508317 -0.00679775]


[-4.88207556  1.6998809  -0.03638313 -0.00626713]


[-4.88207556  1.6998809  -0.03638313 -0.00626713]


[-4.85938917  1.68829517 -0.03749917 -0.00561767]


[-4.85938917  1.68829517 -0.03749917 -0.00561767]


[-4.83424717  1.6761432  -0.0384821  -0.00496854]


[-4.83424717  1.6761432  -0.0384821  -0.00496854]


[ -4.80678566e+00   1.66348350e+00  -3.93744506e-02  -4.34447428e-03]


[ -4.80678566e+00   1.66348350e+00  -3.93744506e-02  -4.34447428e-03]


[ -4.80678566e+00   1.66348350e+00  -3.93744506e-02  -4.34447428e-03]


[ -4.76942413e+00   1.64702311e+00  -4.04133186e-02  -3.63069735e-03]


[ -4.73727716e+00   1.63339410e+00  -4.12205400e-02  -3.27361612e-03]


[ -4.72893572e+00   1.62992325e+00  -4.14178169e-02  -3.00291864e-03]


[ -4.72893572e+00   1.62992325e+00  -4.14178169e-02  -3.00291864e-03]


[ -4.70326976e+00   1.61939039e+00  -4.20056556e-02  -2.50522336e-03]


[ -4.70326976e+00   1.61939039e+00  -4.20056556e-02  -2.50522336e-03]


[ -4.66767264e+00   1.60510207e+00  -4.28091347e-02  -2.29963463e-03]


[ -4.66767264e+00   1.60510207e+00  -4.28091347e-02  -2.29963463e-03]


[ -4.63052788e+00   1.59052013e+00  -4.36280097e-02  -1.93139100e-03]


[ -4.63052788e+00   1.59052013e+00  -4.36280097e-02  -1.93139100e-03]


[ -4.59195838e+00   1.57567038e+00  -4.44612210e-02  -1.55654434e-03]


[ -4.59195838e+00   1.57567038e+00  -4.44612210e-02  -1.55654434e-03]


[ -4.55212222e+00   1.56059380e+00  -4.53129899e-02  -1.24031517e-03]


[ -4.55212222e+00   1.56059380e+00  -4.53129899e-02  -1.24031517e-03]


[ -4.50075994e+00   1.54148180e+00  -4.64041618e-02  -8.64787446e-04]


[ -4.50075994e+00   1.54148180e+00  -4.64041618e-02  -8.64787446e-04]


[ -4.45857739e+00   1.52601827e+00  -4.72962781e-02  -6.30859228e-04]


[ -4.43717683e+00   1.51824329e+00  -4.77470685e-02  -5.73798227e-04]


[ -4.43717683e+00   1.51824329e+00  -4.77470685e-02  -5.73798227e-04]


[ -4.39383487e+00   1.50262602e+00  -4.86560262e-02  -3.90202488e-04]


[ -4.39383487e+00   1.50262602e+00  -4.86560262e-02  -3.90202488e-04]


[ -4.34986386e+00   1.48694073e+00  -4.95774613e-02  -2.69419590e-04]


[ -4.34986386e+00   1.48694073e+00  -4.95774613e-02  -2.69419590e-04]


[ -4.30530256e+00   1.47118818e+00  -5.05018281e-02  -1.56627971e-04]


[ -4.30530256e+00   1.47118818e+00  -5.05018281e-02  -1.56627971e-04]


[ -4.26023969e+00   1.45538835e+00  -5.14249336e-02  -6.39543789e-05]


[ -4.26023969e+00   1.45538835e+00  -5.14249336e-02  -6.39543789e-05]


[ -4.26023969e+00   1.45538835e+00  -5.14249336e-02  -6.39543789e-05]


[ -4.20333488e+00   1.43560160e+00  -5.25706057e-02   2.65439780e-05]


[ -4.20333488e+00   1.43560160e+00  -5.25706057e-02   2.65439780e-05]


[ -4.13432076e+00   1.41181993e+00  -5.39337510e-02   1.12283193e-04]


[ -4.13432076e+00   1.41181993e+00  -5.39337510e-02   1.12283193e-04]


[ -4.09957439e+00   1.39992559e+00  -5.45996380e-02   1.04341748e-04]


[ -4.09957439e+00   1.39992559e+00  -5.45996380e-02   1.04341748e-04]


[ -4.04159589e+00   1.38018423e+00  -5.56820550e-02   1.67956470e-04]


[ -4.04159589e+00   1.38018423e+00  -5.56820550e-02   1.67956470e-04]


[ -4.04159589e+00   1.38018423e+00  -5.56820550e-02   1.67956470e-04]


[ -3.98356287e+00   1.36054422e+00  -5.67355258e-02   1.95233776e-04]


[ -3.97196064e+00   1.35663093e+00  -5.69434011e-02   2.20856911e-04]


[ -3.93712038e+00   1.34490432e+00  -5.75592251e-02   2.02946204e-04]


[ -3.93712038e+00   1.34490432e+00  -5.75592251e-02   2.02946204e-04]


[ -3.89070109e+00   1.32933447e+00  -5.83533142e-02   1.92392120e-04]


[ -3.89070109e+00   1.32933447e+00  -5.83533142e-02   1.92392120e-04]


[ -3.84439368e+00   1.31385911e+00  -5.91242416e-02   1.99886683e-04]


[ -3.84439368e+00   1.31385911e+00  -5.91242416e-02   1.99886683e-04]


[ -3.78669282e+00   1.29464861e+00  -6.00503845e-02   1.92479740e-04]


[ -3.78669282e+00   1.29464861e+00  -6.00503845e-02   1.92479740e-04]


[ -3.76369033e+00   1.28701102e+00  -6.04098079e-02   2.28508489e-04]


[ -3.71786973e+00   1.27182963e+00  -6.11025823e-02   2.09229065e-04]


[ -3.71786973e+00   1.27182963e+00  -6.11025823e-02   2.09229065e-04]


[ -3.68367274e+00   1.26052598e+00  -6.16039169e-02   1.28154526e-04]


[ -3.68367274e+00   1.26052598e+00  -6.16039169e-02   1.28154526e-04]


[ -3.68367274e+00   1.26052598e+00  -6.16039169e-02   1.28154526e-04]


[ -3.62706689e+00   1.24186110e+00  -6.24032984e-02   1.77497642e-04]


[ -3.62706689e+00   1.24186110e+00  -6.24032984e-02   1.77497642e-04]


[ -3.55963767e+00   1.21969468e+00  -6.33171541e-02   1.51627336e-04]


[ -3.55963767e+00   1.21969468e+00  -6.33171541e-02   1.51627336e-04]


[ -3.55963767e+00   1.21969468e+00  -6.33171541e-02   1.51627336e-04]


[ -3.51502816e+00   1.20506559e+00  -6.38871484e-02   1.40228604e-05]


[ -3.51502816e+00   1.20506559e+00  -6.38871484e-02   1.40228604e-05]


[ -3.47085825e+00   1.19060613e+00  -6.44287599e-02   1.75654538e-04]


[ -3.47085825e+00   1.19060613e+00  -6.44287599e-02   1.75654538e-04]


[ -3.42703952e+00   1.17628445e+00  -6.49440777e-02   1.50159895e-04]


[ -3.42703952e+00   1.17628445e+00  -6.49440777e-02   1.50159895e-04]


[ -3.37281653e+00   1.15859047e+00  -6.55497134e-02   6.98503458e-05]


[ -3.37281653e+00   1.15859047e+00  -6.55497134e-02   6.98503458e-05]


[ -3.32992304e+00   1.14461333e+00  -6.60032580e-02   8.09196594e-06]


[ -3.30866060e+00   1.13769071e+00  -6.62185663e-02   6.28819423e-05]


[ -3.30866060e+00   1.13769071e+00  -6.62185663e-02   6.28819423e-05]


[ -3.26652437e+00   1.12398256e+00  -6.66270490e-02  -1.18579091e-05]


[ -3.26652437e+00   1.12398256e+00  -6.66270490e-02  -1.18579091e-05]


[ -3.22492255e+00   1.11046081e+00  -6.70097698e-02   2.61995385e-05]


[ -3.22492255e+00   1.11046081e+00  -6.70097698e-02   2.61995385e-05]


[ -3.18380681e+00   1.09710774e+00  -6.73685590e-02   2.03090821e-05]


[ -3.18380681e+00   1.09710774e+00  -6.73685590e-02   2.03090821e-05]


[ -3.14318420e+00   1.08392375e+00  -6.77041254e-02   1.38517134e-05]


[ -3.14318420e+00   1.08392375e+00  -6.77041254e-02   1.38517134e-05]


[ -3.10306271e+00   1.07090972e+00  -6.80170991e-02   7.82868059e-06]


[ -3.10306271e+00   1.07090972e+00  -6.80170991e-02   7.82868059e-06]


[ -3.06344986e+00   1.05806652e+00  -6.83081040e-02   2.60614216e-06]


[ -3.06344986e+00   1.05806652e+00  -6.83081040e-02   2.60614216e-06]


[ -3.06344986e+00   1.05806652e+00  -6.83081040e-02   2.60614216e-06]


[ -3.01465916e+00   1.04225381e+00  -6.86417533e-02   1.47451604e-06]


[ -3.01465916e+00   1.04225381e+00  -6.86417533e-02   1.47451604e-06]


[ -2.95711377e+00   1.02360948e+00  -6.90053065e-02   7.57386427e-06]


[ -2.95711377e+00   1.02360948e+00  -6.90053065e-02   7.57386427e-06]


[ -2.95711377e+00   1.02360948e+00  -6.90053065e-02   7.57386427e-06]


[ -2.91936123e+00   1.01137949e+00  -6.92220596e-02  -1.05777680e-04]


[ -2.91936123e+00   1.01137949e+00  -6.92220596e-02  -1.05777680e-04]


[ -2.88220487e+00   9.99342740e-01  -6.94176937e-02   6.66304354e-05]


[ -2.88220487e+00   9.99342740e-01  -6.94176937e-02   6.66304354e-05]


[ -2.84554686e+00   9.87466626e-01  -6.95964269e-02   5.38754182e-05]


[ -2.84554686e+00   9.87466626e-01  -6.95964269e-02   5.38754182e-05]


[ -2.80940106e+00   9.75754662e-01  -6.97580292e-02   4.47361494e-05]


[ -2.80940106e+00   9.75754662e-01  -6.97580292e-02   4.47361494e-05]


[ -2.77377928e+00   9.64209838e-01  -6.99026037e-02   3.95832929e-05]


[ -2.77377928e+00   9.64209838e-01  -6.99026037e-02   3.95832929e-05]


[ -2.73868690e+00   9.52833146e-01  -7.00305333e-02   3.68881018e-05]


[ -2.73868690e+00   9.52833146e-01  -7.00305333e-02   3.68881018e-05]


[ -2.69556614e+00   9.38847778e-01  -7.01678268e-02  -9.34362258e-06]


[ -2.69556614e+00   9.38847778e-01  -7.01678268e-02  -9.34362258e-06]


[ -2.66166795e+00   9.27848006e-01  -7.02601438e-02  -4.23945464e-05]


[ -2.64492898e+00   9.22414232e-01  -7.03000469e-02   7.30088914e-06]


[ -2.64492898e+00   9.22414232e-01  -7.03000469e-02   7.30088914e-06]


[ -2.62008388e+00   9.14346274e-01  -7.03525037e-02  -4.62431306e-05]


[ -2.59556943e+00   9.06382156e-01  -7.03959503e-02   4.26884834e-05]


[ -2.59556943e+00   9.06382156e-01  -7.03959503e-02   4.26884834e-05]


[ -2.56333241e+00   8.95903322e-01  -7.04429502e-02  -6.23583530e-06]


[ -2.56333241e+00   8.95903322e-01  -7.04429502e-02  -6.23583530e-06]


[ -2.52376435e+00   8.83031376e-01  -7.04839926e-02   1.36839220e-05]


[ -2.52376435e+00   8.83031376e-01  -7.04839926e-02   1.36839220e-05]


[ -2.52376435e+00   8.83031376e-01  -7.04839926e-02   1.36839220e-05]


[ -2.49267810e+00   8.72910013e-01  -7.05034378e-02  -1.97441095e-05]


[ -2.49267810e+00   8.72910013e-01  -7.05034378e-02  -1.97441095e-05]


[ -2.46210733e+00   8.62948353e-01  -7.05109874e-02   8.56743154e-05]


[ -2.46210733e+00   8.62948353e-01  -7.05109874e-02   8.56743154e-05]


[ -2.43197270e+00   8.53120332e-01  -7.05092343e-02   7.10133449e-05]


[ -2.43197270e+00   8.53120332e-01  -7.05092343e-02   7.10133449e-05]


[ -2.40229460e+00   8.43432347e-01  -7.04973864e-02   6.19006989e-05]


[ -2.40229460e+00   8.43432347e-01  -7.04973864e-02   6.19006989e-05]


[ -2.37308571e+00   8.33888367e-01  -7.04750426e-02   5.74594886e-05]


[ -2.37308571e+00   8.33888367e-01  -7.04750426e-02   5.74594886e-05]


[ -2.33723825e+00   8.22162003e-01  -7.04324456e-02   2.33197529e-05]


[ -2.33723825e+00   8.22162003e-01  -7.04324456e-02   2.33197529e-05]


[ -2.30909242e+00   8.12944117e-01  -7.03868376e-02   3.51239894e-08]


[ -2.29520492e+00   8.08392196e-01  -7.03600233e-02   3.59231014e-05]


[ -2.29520492e+00   8.08392196e-01  -7.03600233e-02   3.59231014e-05]


[ -2.27460490e+00   8.01635424e-01  -7.03150086e-02  -1.58412969e-06]


[ -2.27460490e+00   8.01635424e-01  -7.03150086e-02  -1.58412969e-06]


[ -2.24089314e+00   7.90565443e-01  -7.02269634e-02   5.43962037e-05]


[ -2.24089314e+00   7.90565443e-01  -7.02269634e-02   5.43962037e-05]


[ -2.20784924e+00   7.79698856e-01  -7.01264662e-02   2.77515700e-05]


[ -2.20132336e+00   7.77550854e-01  -7.01047730e-02   5.74259104e-05]


[ -2.20132336e+00   7.77550854e-01  -7.01047730e-02   5.74259104e-05]


[ -2.17550591e+00   7.69046475e-01  -7.00131965e-02   2.32806671e-05]


[ -2.17550591e+00   7.69046475e-01  -7.00131965e-02   2.32806671e-05]


[ -2.15014993e+00   7.60683625e-01  -6.99123757e-02   4.98184026e-05]


[ -2.15014993e+00   7.60683625e-01  -6.99123757e-02   4.98184026e-05]


[ -2.12520147e+00   7.52444663e-01  -6.98045362e-02   4.88758349e-05]


[ -2.12520147e+00   7.52444663e-01  -6.98045362e-02   4.88758349e-05]


[ -2.10065843e+00   7.44328995e-01  -6.96896700e-02   4.87224548e-05]


[ -2.10065843e+00   7.44328995e-01  -6.96896700e-02   4.87224548e-05]


[ -2.07651714e+00   7.36335544e-01  -6.95678219e-02   4.91772792e-05]


[ -2.07651714e+00   7.36335544e-01  -6.95678219e-02   4.91772792e-05]


[ -2.05277258e+00   7.28462811e-01  -6.94391027e-02   4.99685091e-05]


[ -2.05277258e+00   7.28462811e-01  -6.94391027e-02   4.99685091e-05]


[ -2.02941885e+00   7.20709022e-01  -6.93036623e-02   5.09078118e-05]


[ -2.02941885e+00   7.20709022e-01  -6.93036623e-02   5.09078118e-05]


[ -2.00644953e+00   7.13072236e-01  -6.91616722e-02   5.18711109e-05]


[ -2.00644953e+00   7.13072236e-01  -6.91616722e-02   5.18711109e-05]


[ -1.98385787e+00   7.05550415e-01  -6.90133139e-02   5.27797332e-05]


[ -1.98385787e+00   7.05550415e-01  -6.90133139e-02   5.27797332e-05]


[ -1.98385787e+00   7.05550415e-01  -6.90133139e-02   5.27797332e-05]


[ -1.95613884e+00   6.96306643e-01  -6.88192773e-02   5.52368596e-05]


[ -1.95613884e+00   6.96306643e-01  -6.88192773e-02   5.52368596e-05]


[ -1.92357920e+00   6.85427076e-01  -6.85733014e-02   5.94536683e-05]


[ -1.92357920e+00   6.85427076e-01  -6.85733014e-02   5.94536683e-05]


[ -1.90757380e+00   6.80070212e-01  -6.84464365e-02   2.69288837e-05]


[ -1.90757380e+00   6.80070212e-01  -6.84464365e-02   2.69288837e-05]


[ -1.88657512e+00   6.73033082e-01  -6.82722759e-02   4.82267573e-05]


[ -1.88657512e+00   6.73033082e-01  -6.82722759e-02   4.82267573e-05]


[ -1.86594025e+00   6.66107633e-01  -6.80915068e-02   5.61378477e-05]


[ -1.86594025e+00   6.66107633e-01  -6.80915068e-02   5.61378477e-05]


[ -1.84563796e+00   6.59283682e-01  -6.79056195e-02   5.66552618e-05]


[ -1.84563796e+00   6.59283682e-01  -6.79056195e-02   5.66552618e-05]


[ -1.82566058e+00   6.52558922e-01  -6.77147919e-02   5.67167875e-05]


[ -1.82566058e+00   6.52558922e-01  -6.77147919e-02   5.67167875e-05]


[ -1.81579259e+00   6.49233438e-01  -6.76175102e-02   5.78502797e-05]


[ -1.80600120e+00   6.45931296e-01  -6.75191620e-02   5.65138861e-05]


[ -1.80600120e+00   6.45931296e-01  -6.75191620e-02   5.65138861e-05]


[ -1.78185830e+00   6.37778443e-01  -6.72673615e-02   7.36294027e-05]


[ -1.78185830e+00   6.37778443e-01  -6.72673615e-02   7.36294027e-05]


[ -1.75344741e+00   6.28164548e-01  -6.69557781e-02   5.42292456e-05]


[ -1.75344741e+00   6.28164548e-01  -6.69557781e-02   5.42292456e-05]


[ -1.73486590e+00   6.21864978e-01  -6.67441653e-02   2.65576571e-05]


[ -1.73486590e+00   6.21864978e-01  -6.67441653e-02   2.65576571e-05]


[ -1.73486590e+00   6.21864978e-01  -6.67441653e-02   2.65576571e-05]


[ -1.71662207e+00   6.15670565e-01  -6.65282583e-02   4.05938341e-05]


[ -1.71662207e+00   6.15670565e-01  -6.65282583e-02   4.05938341e-05]


[ -1.69868556e+00   6.09571352e-01  -6.63057839e-02   7.59116045e-05]


[ -1.69868556e+00   6.09571352e-01  -6.63057839e-02   7.59116045e-05]


[ -1.68099298e+00   6.03546111e-01  -6.60797836e-02   6.96898974e-05]


[ -1.68099298e+00   6.03546111e-01  -6.60797836e-02   6.96898974e-05]


[ -1.66355184e+00   5.97597664e-01  -6.58503295e-02   6.49475333e-05]


[ -1.66355184e+00   5.97597664e-01  -6.58503295e-02   6.49475333e-05]


[ -1.64636635e+00   5.91727713e-01  -6.56173060e-02   6.15038705e-05]


[ -1.64636635e+00   5.91727713e-01  -6.56173060e-02   6.15038705e-05]


[ -1.62524257e+00   5.84500601e-01  -6.53212062e-02   4.79765879e-05]


[ -1.62524257e+00   5.84500601e-01  -6.53212062e-02   4.79765879e-05]


[ -1.60862840e+00   5.78806978e-01  -6.50805831e-02   3.83185309e-05]


[ -1.60042049e+00   5.75991064e-01  -6.49593157e-02   4.87297242e-05]


[ -1.60042049e+00   5.75991064e-01  -6.49593157e-02   4.87297242e-05]


[ -1.58420331e+00   5.70421329e-01  -6.47148635e-02   3.67676738e-05]


[ -1.58420331e+00   5.70421329e-01  -6.47148635e-02   3.67676738e-05]


[ -1.58420331e+00   5.70421329e-01  -6.47148635e-02   3.67676738e-05]


[ -1.56429612e+00   5.63573165e-01  -6.44037702e-02   4.41576303e-05]


[ -1.56429612e+00   5.63573165e-01  -6.44037702e-02   4.41576303e-05]


[ -1.54085395e+00   5.55493163e-01  -6.40220754e-02   4.41729352e-05]


[ -1.54085395e+00   5.55493163e-01  -6.40220754e-02   4.41729352e-05]


[ -1.54085395e+00   5.55493163e-01  -6.40220754e-02   4.41729352e-05]


[ -1.52548613e+00   5.50186887e-01  -6.37662353e-02   2.46267691e-05]


[ -1.52548613e+00   5.50186887e-01  -6.37662353e-02   2.46267691e-05]


[ -1.51036334e+00   5.44957917e-01  -6.35061222e-02   5.11326432e-05]


[ -1.51036334e+00   5.44957917e-01  -6.35061222e-02   5.11326432e-05]


[ -1.49544054e+00   5.39790988e-01  -6.32433244e-02   4.76152391e-05]


[ -1.49544054e+00   5.39790988e-01  -6.32433244e-02   4.76152391e-05]


[ -1.48071872e+00   5.34686698e-01  -6.29781507e-02   4.46242254e-05]


[ -1.48071872e+00   5.34686698e-01  -6.29781507e-02   4.46242254e-05]


[ -1.46259902e+00   5.28394793e-01  -6.26435689e-02   3.46123421e-05]


[ -1.46259902e+00   5.28394793e-01  -6.26435689e-02   3.46123421e-05]


[ -1.44479353e+00   5.22201728e-01  -6.23060506e-02   2.64037828e-05]


[ -1.44127261e+00   5.20975879e-01  -6.22380555e-02   3.44322638e-05]


[ -1.44127261e+00   5.20975879e-01  -6.22380555e-02   3.44322638e-05]


[ -1.42732361e+00   5.16115433e-01  -6.19668721e-02   2.53248481e-05]


[ -1.42732361e+00   5.16115433e-01  -6.19668721e-02   2.53248481e-05]


[ -1.41358800e+00   5.11323171e-01  -6.16918353e-02   3.13105244e-05]


[ -1.41358800e+00   5.11323171e-01  -6.16918353e-02   3.13105244e-05]


[ -1.40003320e+00   5.06588012e-01  -6.14149600e-02   2.98405324e-05]


[ -1.40003320e+00   5.06588012e-01  -6.14149600e-02   2.98405324e-05]


[ -1.38665624e+00   5.01909148e-01  -6.11363203e-02   2.84066960e-05]


[ -1.38665624e+00   5.01909148e-01  -6.11363203e-02   2.84066960e-05]


[ -1.37345426e+00   4.97285823e-01  -6.08559662e-02   2.70700806e-05]


[ -1.37345426e+00   4.97285823e-01  -6.08559662e-02   2.70700806e-05]


[ -1.36042429e+00   4.92717227e-01  -6.05739554e-02   2.58253796e-05]


[ -1.36042429e+00   4.92717227e-01  -6.05739554e-02   2.58253796e-05]


[ -1.36042429e+00   4.92717227e-01  -6.05739554e-02   2.58253796e-05]


[ -1.34437404e+00   4.87082150e-01  -6.02193759e-02   2.48027792e-05]


[ -1.33171196e+00   4.82630805e-01  -5.99313480e-02   3.36183981e-05]


[ -1.32856557e+00   4.81523902e-01  -5.98595756e-02   2.59014134e-05]


[ -1.32856557e+00   4.81523902e-01  -5.98595756e-02   2.59014134e-05]


[ -1.31919328e+00   4.78224865e-01  -5.96458848e-02   1.24082811e-05]


[ -1.31919328e+00   4.78224865e-01  -5.96458848e-02   1.24082811e-05]


[ -1.30686522e+00   4.73881129e-01  -5.93575768e-02   2.76033292e-05]


[ -1.30686522e+00   4.73881129e-01  -5.93575768e-02   2.76033292e-05]


[ -1.29468323e+00   4.69584144e-01  -5.90664739e-02   2.78783350e-05]


[ -1.29468323e+00   4.69584144e-01  -5.90664739e-02   2.78783350e-05]


[ -1.28263675e+00   4.65330385e-01  -5.87742433e-02   2.51839280e-05]


[ -1.28263675e+00   4.65330385e-01  -5.87742433e-02   2.51839280e-05]


[ -1.27073098e+00   4.61121871e-01  -5.84809623e-02   2.31509784e-05]


[ -1.27073098e+00   4.61121871e-01  -5.84809623e-02   2.31509784e-05]


[ -1.25604871e+00   4.55925877e-01  -5.81131323e-02   1.70094944e-05]


[ -1.25604871e+00   4.55925877e-01  -5.81131323e-02   1.70094944e-05]


[ -1.24159050e+00   4.50802721e-01  -5.77445106e-02   1.19458991e-05]


[ -1.23872787e+00   4.49787615e-01  -5.76705572e-02   1.68101274e-05]


[ -1.23872787e+00   4.49787615e-01  -5.76705572e-02   1.68101274e-05]


[ -1.23019704e+00   4.46761058e-01  -5.74501424e-02   7.71999289e-06]


[ -1.23019704e+00   4.46761058e-01  -5.74501424e-02   7.71999289e-06]


[ -1.21617675e+00   4.41782180e-01  -5.70796246e-02   1.76356470e-05]


[ -1.21617675e+00   4.41782180e-01  -5.70796246e-02   1.76356470e-05]


[ -1.20234606e+00   4.36864907e-01  -5.67070862e-02   1.25018450e-05]


[ -1.19960412e+00   4.35889386e-01  -5.66324277e-02   1.61558354e-05]


[ -1.19960412e+00   4.35889386e-01  -5.66324277e-02   1.61558354e-05]


[ -1.19142796e+00   4.32979190e-01  -5.64100505e-02   7.61177469e-06]


[ -1.19142796e+00   4.32979190e-01  -5.64100505e-02   7.61177469e-06]


[ -1.17797851e+00   4.28187813e-01  -5.60366366e-02   1.54812957e-05]


[ -1.17797851e+00   4.28187813e-01  -5.60366366e-02   1.54812957e-05]


[ -1.16470117e+00   4.23452683e-01  -5.56615332e-02   1.06157751e-05]


[ -1.16206808e+00   4.22513044e-01  -5.55864010e-02   1.38714100e-05]


[ -1.16206808e+00   4.22513044e-01  -5.55864010e-02   1.38714100e-05]


[ -1.15161548e+00   4.18781051e-01  -5.52881436e-02   8.66037172e-06]


[ -1.15161548e+00   4.18781051e-01  -5.52881436e-02   8.66037172e-06]


[ -1.14129338e+00   4.15092671e-01  -5.49877332e-02   1.10566516e-05]


[ -1.14129338e+00   4.15092671e-01  -5.49877332e-02   1.10566516e-05]


[ -1.14129338e+00   4.15092671e-01  -5.49877332e-02   1.10566516e-05]


[ -1.12854563e+00   4.10533534e-01  -5.46120040e-02   1.01991413e-05]


[ -1.12854563e+00   4.10533534e-01  -5.46120040e-02   1.01991413e-05]


[ -1.11595735e+00   4.06027163e-01  -5.42327981e-02   1.07437816e-05]


[ -1.11345608e+00   4.05131259e-01  -5.41573260e-02   9.74972958e-06]


[ -1.11345608e+00   4.05131259e-01  -5.41573260e-02   9.74972958e-06]


[ -1.10351865e+00   4.01570272e-01  -5.38555950e-02   5.01649049e-06]


[ -1.10351865e+00   4.01570272e-01  -5.38555950e-02   5.01649049e-06]


[ -1.09370070e+00   3.98049599e-01  -5.35529633e-02   1.15910577e-05]


[ -1.09370070e+00   3.98049599e-01  -5.35529633e-02   1.15910577e-05]


[ -1.08398285e+00   3.94562425e-01  -5.32500332e-02   1.06550339e-05]


[ -1.08398285e+00   3.94562425e-01  -5.32500332e-02   1.06550339e-05]


[ -1.07436571e+00   3.91109082e-01  -5.29471117e-02   9.87036606e-06]


[ -1.07436571e+00   3.91109082e-01  -5.29471117e-02   9.87036606e-06]


[ -1.06248595e+00   3.86840160e-01  -5.25687552e-02   6.60091275e-06]


[ -1.06248595e+00   3.86840160e-01  -5.25687552e-02   6.60091275e-06]


[ -1.05076464e+00   3.82624878e-01  -5.21913129e-02   3.83207500e-06]


[ -1.05076464e+00   3.82624878e-01  -5.21913129e-02   3.83207500e-06]


[ -1.04381385e+00   3.80123676e-01  -5.19657460e-02   2.26187177e-06]


[ -1.04381385e+00   3.80123676e-01  -5.19657460e-02   2.26187177e-06]


[ -1.04381385e+00   3.80123676e-01  -5.19657460e-02   2.26187177e-06]


[ -1.03237297e+00   3.76004319e-01  -5.15907930e-02   6.38128355e-06]


[ -1.03237297e+00   3.76004319e-01  -5.15907930e-02   6.38128355e-06]


[ -1.02107227e+00   3.71932551e-01  -5.12118285e-02   7.07425805e-06]


[ -1.01882530e+00   3.71122609e-01  -5.11364853e-02   6.34085263e-06]


[ -1.01882530e+00   3.71122609e-01  -5.11364853e-02   6.34085263e-06]


[ -1.00989325e+00   3.67901895e-01  -5.08355707e-02   2.76996499e-06]


[ -1.00989325e+00   3.67901895e-01  -5.08355707e-02   2.76996499e-06]


[ -1.00106102e+00   3.64715504e-01  -5.05342531e-02   7.83702346e-06]


[ -1.00106102e+00   3.64715504e-01  -5.05342531e-02   7.83702346e-06]


[ -9.92311779e-01   3.61557455e-01  -5.02330785e-02   7.17841612e-06]


[ -9.92311779e-01   3.61557455e-01  -5.02330785e-02   7.17841612e-06]


[ -9.81493131e-01   3.57650308e-01  -4.98574601e-02   4.54675643e-06]


[ -9.81493131e-01   3.57650308e-01  -4.98574601e-02   4.54675643e-06]


[ -9.70808913e-01   3.53789445e-01  -4.94833434e-02   2.31638788e-06]


[ -9.68689949e-01   3.53023471e-01  -4.94085723e-02   4.70689367e-06]


[ -9.68689949e-01   3.53023471e-01  -4.94085723e-02   4.70689367e-06]


[ -9.60274920e-01   3.49980722e-01  -4.91123120e-02   2.17038918e-06]


[ -9.60274920e-01   3.49980722e-01  -4.91123120e-02   2.17038918e-06]


[ -9.51956975e-01   3.46971776e-01  -4.88148212e-02   4.13007795e-06]


[ -9.51956975e-01   3.46971776e-01  -4.88148212e-02   4.13007795e-06]


[ -9.43717840e-01   3.43990100e-01  -4.85178911e-02   3.88214712e-06]


[ -9.43717840e-01   3.43990100e-01  -4.85178911e-02   3.88214712e-06]


[ -9.35556932e-01   3.41035548e-01  -4.82215700e-02   3.64694040e-06]


[ -9.35556932e-01   3.41035548e-01  -4.82215700e-02   3.64694040e-06]


[ -9.35556932e-01   3.41035548e-01  -4.82215700e-02   3.64694040e-06]


[ -9.25465065e-01   3.37380334e-01  -4.78526402e-02   1.55683792e-06]


[ -9.25465065e-01   3.37380334e-01  -4.78526402e-02   1.55683792e-06]


[ -9.13523765e-01   3.33053070e-01  -4.74111719e-02   2.50695025e-06]


[ -9.13523765e-01   3.33053070e-01  -4.74111719e-02   2.50695025e-06]


[ -9.07619301e-01   3.30912569e-01  -4.71917053e-02  -1.63390767e-07]


[ -9.07619301e-01   3.30912569e-01  -4.71917053e-02  -1.63390767e-07]


[ -8.99829313e-01   3.28087681e-01  -4.69011344e-02   2.44592171e-06]


[ -8.99829313e-01   3.28087681e-01  -4.69011344e-02   2.44592171e-06]


[ -8.92121456e-01   3.25291656e-01  -4.66097787e-02   3.28909135e-06]


[ -8.92121456e-01   3.25291656e-01  -4.66097787e-02   3.28909135e-06]


[ -8.84483869e-01   3.22520248e-01  -4.63189265e-02   3.28427627e-06]


[ -8.84483869e-01   3.22520248e-01  -4.63189265e-02   3.28427627e-06]


[ -8.84483869e-01   3.22520248e-01  -4.63189265e-02   3.28427627e-06]


[ -8.75032952e-01   3.19089683e-01  -4.59563770e-02   3.26318718e-06]


[ -8.75032952e-01   3.19089683e-01  -4.59563770e-02   3.26318718e-06]


[ -8.65677722e-01   3.15692632e-01  -4.55918105e-02   3.74929519e-06]


[ -8.65677722e-01   3.15692632e-01  -4.55918105e-02   3.74929519e-06]


[ -8.60105183e-01   3.13668588e-01  -4.53741322e-02   3.96533926e-06]


[ -8.60105183e-01   3.13668588e-01  -4.53741322e-02   3.96533926e-06]


[ -8.50905626e-01   3.10326267e-01  -4.50141751e-02   2.85401809e-06]


[ -8.50905626e-01   3.10326267e-01  -4.50141751e-02   2.85401809e-06]


[ -8.50905626e-01   3.10326267e-01  -4.50141751e-02   2.85401809e-06]


[ -8.41811958e-01   3.07021378e-01  -4.46547989e-02   1.54234122e-06]


[ -8.41811958e-01   3.07021378e-01  -4.46547989e-02   1.54234122e-06]


[ -8.31030157e-01   3.03101693e-01  -4.42233776e-02   2.27966839e-06]


[ -8.31030157e-01   3.03101693e-01  -4.42233776e-02   2.27966839e-06]


[ -8.25689490e-01   3.01159620e-01  -4.40095075e-02  -2.17922404e-07]


[ -8.25689490e-01   3.01159620e-01  -4.40095075e-02  -2.17922404e-07]


[ -8.25689490e-01   3.01159620e-01  -4.40095075e-02  -2.17922404e-07]


[ -8.16888337e-01   2.97958488e-01  -4.36562849e-02   2.09385576e-06]


[ -8.09921278e-01   2.95423862e-01  -4.33711170e-02   4.43300621e-06]


[ -8.08185832e-01   2.94792426e-01  -4.33003886e-02   2.78314285e-06]


[ -8.08185832e-01   2.94792426e-01  -4.33003886e-02   2.78314285e-06]


[ -8.03006311e-01   2.92907695e-01  -4.30907922e-02  -3.81391066e-07]


[ -8.03006311e-01   2.92907695e-01  -4.30907922e-02  -3.81391066e-07]


[ -7.96170062e-01   2.90419704e-01  -4.28103334e-02   3.49890323e-06]


[ -7.96170062e-01   2.90419704e-01  -4.28103334e-02   3.49890323e-06]


[ -7.89388972e-01   2.87951347e-01  -4.25293309e-02   3.72350379e-06]


[ -7.89388972e-01   2.87951347e-01  -4.25293309e-02   3.72350379e-06]


[ -7.80983683e-01   2.84891188e-01  -4.21797253e-02   2.14053977e-06]


[ -7.80983683e-01   2.84891188e-01  -4.21797253e-02   2.14053977e-06]


[ -7.72665751e-01   2.81862226e-01  -4.18325826e-02   7.66869829e-07]


[ -7.71014380e-01   2.81260812e-01  -4.17633320e-02   2.07966541e-06]


[ -7.71014380e-01   2.81260812e-01  -4.17633320e-02   2.07966541e-06]


[ -1.26429294e-04   2.00004612e+00  -1.68816284e-02  -2.84594622e-13]


[ -1.26429294e-04   2.00004612e+00  -1.68816284e-02  -2.84594622e-13]


[ -1.27109008e-04   1.99999435e+00  -3.37755987e-02  -1.34595864e-06]


[ -1.27109008e-04   1.99999435e+00  -3.37755987e-02  -1.34595864e-06]


[ -1.27549141e-04   1.99845245e+00  -4.94575788e-02  -9.77950762e-07]


[ -1.27609940e-04   1.99772851e+00  -5.31706214e-02  -6.94766782e-07]


[ -1.27609940e-04   1.99772851e+00  -5.31706214e-02  -6.94766782e-07]


[ -1.27707606e-04   1.99368743e+00  -6.73834178e-02   3.96827599e-08]


[ -1.27707606e-04   1.99368743e+00  -6.73834178e-02   3.96827599e-08]


[ -1.27631608e-04   1.98805644e+00  -8.07231725e-02   4.14777833e-07]


[ -1.27631608e-04   1.98805644e+00  -8.07231725e-02   4.14777833e-07]


[ -1.27434637e-04   1.98105171e+00  -9.32692110e-02   5.97860530e-07]


[ -1.27434637e-04   1.98105171e+00  -9.32692110e-02   5.97860530e-07]


[ -1.27146678e-04   1.97280013e+00  -1.05224401e-01   6.88781875e-07]


[ -1.27146678e-04   1.97280013e+00  -1.05224401e-01   6.88781875e-07]


[ -1.26786313e-04   1.96340385e+00  -1.16553501e-01   7.31327297e-07]


[ -1.26786313e-04   1.96340385e+00  -1.16553501e-01   7.31327297e-07]


[ -1.26363744e-04   1.95293555e+00  -1.27410293e-01   7.43678506e-07]


[ -1.26363744e-04   1.95293555e+00  -1.27410293e-01   7.43678506e-07]


[ -1.25758109e-04   1.93845151e+00  -1.40246135e-01   7.46667084e-07]


[ -1.25758109e-04   1.93845151e+00  -1.40246135e-01   7.46667084e-07]


[ -1.25217901e-04   1.92585239e+00  -1.49886980e-01   7.44534211e-07]


[ -1.25075848e-04   1.92257779e+00  -1.52203625e-01   7.39844624e-07]


[ -1.25075848e-04   1.92257779e+00  -1.52203625e-01   7.39844624e-07]


[ -1.24480578e-04   1.90900335e+00  -1.61253491e-01   7.19292803e-07]


[ -1.24480578e-04   1.90900335e+00  -1.61253491e-01   7.19292803e-07]


[ -1.23843221e-04   1.89469529e+00  -1.69988314e-01   6.90207755e-07]


[ -1.23843221e-04   1.89469529e+00  -1.69988314e-01   6.90207755e-07]


[ -1.23164890e-04   1.87967978e+00  -1.78393242e-01   6.67979649e-07]


[ -1.23164890e-04   1.87967978e+00  -1.78393242e-01   6.67979649e-07]


[ -1.22448129e-04   1.86401661e+00  -1.86479715e-01   6.44063886e-07]


[ -1.22448129e-04   1.86401661e+00  -1.86479715e-01   6.44063886e-07]


[ -1.21695546e-04   1.84776552e+00  -1.94265327e-01   6.18670394e-07]


[ -1.21695546e-04   1.84776552e+00  -1.94265327e-01   6.18670394e-07]


[ -1.20708355e-04   1.82671156e+00  -2.03591566e-01   5.88048172e-07]


[ -1.20708355e-04   1.82671156e+00  -2.03591566e-01   5.88048172e-07]


[ -1.19884607e-04   1.80934467e+00  -2.10742746e-01   5.61964423e-07]


[ -1.19462569e-04   1.80051102e+00  -2.14196814e-01   5.47823475e-07]


[ -1.19462569e-04   1.80051102e+00  -2.14196814e-01   5.47823475e-07]


[ -1.18601142e-04   1.78260546e+00  -2.20847052e-01   5.21221403e-07]


[ -1.18601142e-04   1.78260546e+00  -2.20847052e-01   5.21221403e-07]


[ -1.17718342e-04   1.76441882e+00  -2.27289838e-01   4.89815608e-07]


[ -1.17718342e-04   1.76441882e+00  -2.27289838e-01   4.89815608e-07]


[ -1.16814248e-04   1.74594936e+00  -2.33511270e-01   4.60615358e-07]


[ -1.16814248e-04   1.74594936e+00  -2.33511270e-01   4.60615358e-07]


[ -1.15890379e-04   1.72722596e+00  -2.39524636e-01   4.30666017e-07]


[ -1.15890379e-04   1.72722596e+00  -2.39524636e-01   4.30666017e-07]


[ -1.14947559e-04   1.70826282e+00  -2.45333317e-01   4.05282110e-07]


[ -1.14947559e-04   1.70826282e+00  -2.45333317e-01   4.05282110e-07]


[ -1.13989091e-04   1.68912464e+00  -2.50919276e-01   3.76829153e-07]


[ -1.13989091e-04   1.68912464e+00  -2.50919276e-01   3.76829153e-07]


[ -1.13015396e-04   1.66981834e+00  -2.56349003e-01   3.50505615e-07]


[ -1.13015396e-04   1.66981834e+00  -2.56349003e-01   3.50505615e-07]


[ -1.13015396e-04   1.66981834e+00  -2.56349003e-01   3.50505615e-07]


[ -1.12027651e-04   1.65036473e+00  -2.61572674e-01   3.25569377e-07]


[ -1.12027651e-04   1.65036473e+00  -2.61572674e-01   3.25569377e-07]


[ -1.11028389e-04   1.63081268e+00  -2.66625675e-01   2.98955054e-07]


[ -1.11028389e-04   1.63081268e+00  -2.66625675e-01   2.98955054e-07]


[ -1.09762107e-04   1.60621159e+00  -2.72745846e-01   2.69951062e-07]


[ -1.09762107e-04   1.60621159e+00  -2.72745846e-01   2.69951062e-07]


[ -1.08479925e-04   1.58149038e+00  -2.78518750e-01   2.41852363e-07]


[ -1.08222756e-04   1.57655436e+00  -2.79622977e-01   2.36442231e-07]


[ -1.08222756e-04   1.57655436e+00  -2.79622977e-01   2.36442231e-07]


[ -1.07193418e-04   1.55687178e+00  -2.83926814e-01   2.15098685e-07]


[ -1.07193418e-04   1.55687178e+00  -2.83926814e-01   2.15098685e-07]


[ -1.06163659e-04   1.53729826e+00  -2.88067479e-01   1.97502089e-07]


[ -1.06163659e-04   1.53729826e+00  -2.88067479e-01   1.97502089e-07]


[ -1.05131566e-04   1.51779434e+00  -2.92044117e-01   1.79032098e-07]


[ -1.05131566e-04   1.51779434e+00  -2.92044117e-01   1.79032098e-07]


[ -1.03839110e-04   1.49352650e+00  -2.96781322e-01   1.56665098e-07]


[ -1.03839110e-04   1.49352650e+00  -2.96781322e-01   1.56665098e-07]


[ -1.02804479e-04   1.47422191e+00  -3.00388242e-01   1.39683794e-07]


[ -1.02287601e-04   1.46461774e+00  -3.02126155e-01   1.33149542e-07]


[ -1.02287601e-04   1.46461774e+00  -3.02126155e-01   1.33149542e-07]


[ -1.01255265e-04   1.44551459e+00  -3.05487058e-01   1.18436984e-07]


[ -1.01255265e-04   1.44551459e+00  -3.05487058e-01   1.18436984e-07]


[ -1.00224816e-04   1.42654952e+00  -3.08717046e-01   1.06472260e-07]


[ -1.00224816e-04   1.42654952e+00  -3.08717046e-01   1.06472260e-07]


[ -9.91950509e-05   1.40769775e+00  -3.11803372e-01   9.19043887e-08]


[ -9.91950509e-05   1.40769775e+00  -3.11803372e-01   9.19043887e-08]


[ -9.81687268e-05   1.38900784e+00  -3.14732444e-01   8.06506087e-08]


[ -9.81687268e-05   1.38900784e+00  -3.14732444e-01   8.06506087e-08]


[ -9.81687268e-05   1.38900784e+00  -3.14732444e-01   8.06506087e-08]


[ -9.71469055e-05   1.37049742e+00  -3.17521779e-01   7.02720021e-08]


[ -9.71469055e-05   1.37049742e+00  -3.17521779e-01   7.02720021e-08]


[ -9.58760211e-05   1.34760984e+00  -3.20843070e-01   6.16702273e-08]


[ -9.58760211e-05   1.34760984e+00  -3.20843070e-01   6.16702273e-08]


[ -9.46099254e-05   1.32495456e+00  -3.23964566e-01   4.74043107e-08]


[ -9.43576598e-05   1.32045785e+00  -3.24560575e-01   4.50405968e-08]


[ -9.36035110e-05   1.30704927e+00  -3.26303724e-01   3.79475059e-08]


[ -9.36035110e-05   1.30704927e+00  -3.26303724e-01   3.79475059e-08]


[ -9.36035110e-05   1.30704927e+00  -3.26303724e-01   3.79475059e-08]


[ -9.26055362e-05   1.28938459e+00  -3.28501767e-01   3.14814688e-08]


[ -9.26055362e-05   1.28938459e+00  -3.28501767e-01   3.14814688e-08]


[ -9.16160979e-05   1.27196014e+00  -3.30598078e-01   3.05942399e-08]


[ -9.16160979e-05   1.27196014e+00  -3.30598078e-01   3.05942399e-08]


[ -9.03867370e-05   1.25043264e+00  -3.33069056e-01   2.24450215e-08]


[ -9.03867370e-05   1.25043264e+00  -3.33069056e-01   2.24450215e-08]


[ -8.91675371e-05   1.22921585e+00  -3.35359007e-01   1.48977919e-08]


[ -8.91675371e-05   1.22921585e+00  -3.35359007e-01   1.48977919e-08]


[ -8.82005358e-05   1.21248160e+00  -3.37060763e-01   5.33974142e-09]


[ -8.82005358e-05   1.21248160e+00  -3.37060763e-01   5.33974142e-09]


[ -8.72444129e-05   1.19601746e+00  -3.38640619e-01   5.24644714e-09]


[ -8.72444129e-05   1.19601746e+00  -3.38640619e-01   5.24644714e-09]


[ -8.62977807e-05   1.17979739e+00  -3.40130181e-01   3.25600694e-09]


[ -8.62977807e-05   1.17979739e+00  -3.40130181e-01   3.25600694e-09]


[ -8.53597789e-05   1.16380390e+00  -3.41506719e-01  -3.30516693e-09]


[ -8.53597789e-05   1.16380390e+00  -3.41506719e-01  -3.30516693e-09]


[ -8.53597789e-05   1.16380390e+00  -3.41506719e-01  -3.30516693e-09]


[ -8.42030562e-05   1.14418982e+00  -3.43081707e-01  -4.19929318e-09]


[ -8.42030562e-05   1.14418982e+00  -3.43081707e-01  -4.19929318e-09]


[ -8.30616087e-05   1.12495312e+00  -3.44524014e-01  -4.88757610e-09]


[ -8.28348139e-05   1.12114491e+00  -3.44793711e-01  -5.72030636e-09]


[ -8.21580224e-05   1.10980821e+00  -3.45570362e-01  -8.35161357e-09]


[ -8.21580224e-05   1.10980821e+00  -3.45570362e-01  -8.35161357e-09]


[ -8.10438319e-05   1.09123527e+00  -3.46744519e-01  -8.88003844e-09]


[ -8.10438319e-05   1.09123527e+00  -3.46744519e-01  -8.88003844e-09]


[ -8.10438319e-05   1.09123527e+00  -3.46744519e-01  -8.88003844e-09]


[ -7.99454877e-05   1.07303722e+00  -3.47796863e-01  -6.87197137e-09]


[ -7.97273418e-05   1.06943588e+00  -3.47993658e-01  -6.11340371e-09]


[ -7.97273418e-05   1.06943588e+00  -3.47993658e-01  -6.11340371e-09]


[ -7.88587764e-05   1.05513939e+00  -3.48728682e-01  -1.03738320e-08]


[ -7.88587764e-05   1.05513939e+00  -3.48728682e-01  -1.03738320e-08]


[ -7.79992897e-05   1.04105946e+00  -3.49380546e-01  -1.12255638e-08]


[ -7.79992897e-05   1.04105946e+00  -3.49380546e-01  -1.12255638e-08]


[ -7.71504858e-05   1.02722057e+00  -3.49949541e-01  -1.10087424e-08]


[ -7.71504858e-05   1.02722057e+00  -3.49949541e-01  -1.10087424e-08]


[ -7.63128141e-05   1.01362826e+00  -3.50442547e-01  -1.07727672e-08]


[ -7.63128141e-05   1.01362826e+00  -3.50442547e-01  -1.07727672e-08]


[ -7.52806370e-05   9.96969379e-01  -3.50955239e-01  -1.20698357e-08]


[ -7.52806370e-05   9.96969379e-01  -3.50955239e-01  -1.20698357e-08]


[ -7.44666028e-05   9.83901335e-01  -3.51285208e-01  -1.29845610e-08]


[ -7.40637090e-05   9.77456495e-01  -3.51423457e-01  -1.13082684e-08]


[ -7.40637090e-05   9.77456495e-01  -3.51423457e-01  -1.13082684e-08]


[ -7.34645311e-05   9.67900134e-01  -3.51598780e-01  -1.29157149e-08]


[ -7.34645311e-05   9.67900134e-01  -3.51598780e-01  -1.29157149e-08]


[ -7.24799480e-05   9.52270839e-01  -3.51809292e-01  -1.01671346e-08]


[ -7.24799480e-05   9.52270839e-01  -3.51809292e-01  -1.01671346e-08]


[ -7.17032902e-05   9.40007093e-01  -3.51905603e-01  -1.40317476e-08]


[ -7.13195395e-05   9.33968834e-01  -3.51929609e-01  -1.14683799e-08]


[ -7.13195395e-05   9.33968834e-01  -3.51929609e-01  -1.14683799e-08]


[ -7.07495231e-05   9.25026013e-01  -3.51937161e-01  -1.20729519e-08]


[ -6.99996998e-05   9.13310437e-01  -3.51895421e-01  -8.27701971e-09]


[ -6.99996998e-05   9.13310437e-01  -3.51895421e-01  -8.27701971e-09]


[ -6.99996998e-05   9.13310437e-01  -3.51895421e-01  -8.27701971e-09]


[ -6.92595298e-05   9.01799402e-01  -3.51796644e-01  -7.96368799e-09]


[ -6.92595298e-05   9.01799402e-01  -3.51796644e-01  -7.96368799e-09]


[ -6.83461471e-05   8.87667966e-01  -3.51594974e-01  -7.36104244e-09]


[ -6.83461471e-05   8.87667966e-01  -3.51594974e-01  -7.36104244e-09]


[ -6.76238900e-05   8.76550603e-01  -3.51372699e-01  -6.39956507e-09]


[ -6.72654569e-05   8.71052054e-01  -3.51241430e-01  -5.06427796e-09]


[ -6.72654569e-05   8.71052054e-01  -3.51241430e-01  -5.06427796e-09]


[ -6.65538570e-05   8.60172267e-01  -3.50941950e-01  -7.16274449e-09]


[ -6.65538570e-05   8.60172267e-01  -3.50941950e-01  -7.16274449e-09]


[ -6.58513392e-05   8.49479238e-01  -3.50594140e-01  -8.68155690e-09]


[ -6.58513392e-05   8.49479238e-01  -3.50594140e-01  -8.68155690e-09]


[ -6.51594112e-05   8.38994435e-01  -3.50198543e-01  -7.51237478e-09]


[ -6.51594112e-05   8.38994435e-01  -3.50198543e-01  -7.51237478e-09]


[ -6.44777024e-05   8.28710586e-01  -3.49754953e-01  -5.60768100e-09]


[ -6.44777024e-05   8.28710586e-01  -3.49754953e-01  -5.60768100e-09]


[ -6.38045648e-05   8.18601002e-01  -3.49262037e-01  -4.06809610e-09]


[ -6.38045648e-05   8.18601002e-01  -3.49262037e-01  -4.06809610e-09]


[ -6.38045648e-05   8.18601002e-01  -3.49262037e-01  -4.06809610e-09]


[ -6.31386253e-05   8.08643225e-01  -3.48725652e-01  -5.57258801e-09]


[ -6.24814546e-05   7.98859254e-01  -3.48145708e-01  -2.78753942e-09]


[ -6.24814546e-05   7.98859254e-01  -3.48145708e-01  -2.78753942e-09]


[ -6.18319091e-05   7.89230475e-01  -3.47525644e-01  -5.65485126e-09]


[ -6.18319091e-05   7.89230475e-01  -3.47525644e-01  -5.65485126e-09]


[ -6.18319091e-05   7.89230475e-01  -3.47525644e-01  -5.65485126e-09]


[ -6.11920696e-05   7.79786372e-01  -3.46868310e-01  -4.76906053e-09]


[ -6.05617042e-05   7.70521990e-01  -3.46169171e-01  -2.57460585e-09]


[ -6.05617042e-05   7.70521990e-01  -3.46169171e-01  -2.57460585e-09]


[ -5.99399016e-05   7.61422306e-01  -3.45438124e-01  -4.43351941e-09]


[ -5.99399016e-05   7.61422306e-01  -3.45438124e-01  -4.43351941e-09]


[ -5.93277139e-05   7.52501268e-01  -3.44666479e-01  -2.20139953e-09]


[ -5.93277139e-05   7.52501268e-01  -3.44666479e-01  -2.20139953e-09]


[ -5.87228579e-05   7.43723856e-01  -3.43854095e-01  -1.83566309e-09]


[ -5.87228579e-05   7.43723856e-01  -3.43854095e-01  -1.83566309e-09]


[ -5.87228579e-05   7.43723856e-01  -3.43854095e-01  -1.83566309e-09]


[ -5.81249418e-05   7.35082855e-01  -3.43007932e-01  -1.34206199e-09]


[ -5.81249418e-05   7.35082855e-01  -3.43007932e-01  -1.34206199e-09]


[ -5.73865201e-05   7.24459945e-01  -3.41890650e-01   3.90841421e-11]


[ -5.73865201e-05   7.24459945e-01  -3.41890650e-01   3.90841421e-11]


[ -5.66567213e-05   7.14013346e-01  -3.40725676e-01  -1.71030023e-09]


[ -5.65121053e-05   7.11949438e-01  -3.40488625e-01  -1.85716544e-09]


[ -5.65121053e-05   7.11949438e-01  -3.40488625e-01  -1.85716544e-09]


[ -5.59396638e-05   7.03800037e-01  -3.39534237e-01  -3.89674158e-09]


[ -5.59396638e-05   7.03800037e-01  -3.39534237e-01  -3.89674158e-09]


[ -5.53780429e-05   6.95836548e-01  -3.38552912e-01  -2.17071513e-09]


[ -5.53780429e-05   6.95836548e-01  -3.38552912e-01  -2.17071513e-09]


[ -5.48261527e-05   6.88042029e-01  -3.37546683e-01  -9.20314201e-10]


[ -5.48261527e-05   6.88042029e-01  -3.37546683e-01  -9.20314201e-10]


[ -5.41483781e-05   6.78511749e-01  -3.36248345e-01  -6.36693344e-10]


[ -5.41483781e-05   6.78511749e-01  -3.36248345e-01  -6.36693344e-10]


[ -5.36150212e-05   6.71044720e-01  -3.35187991e-01  -1.95121338e-09]


[ -5.33518281e-05   6.67370609e-01  -3.34651392e-01  -6.70893867e-10]


[ -5.33518281e-05   6.67370609e-01  -3.34651392e-01  -6.70893867e-10]


[ -5.29610512e-05   6.61928410e-01  -3.33833407e-01  -2.73105575e-10]


[ -5.29610512e-05   6.61928410e-01  -3.33833407e-01  -2.73105575e-10]


[ -5.24465929e-05   6.54787204e-01  -3.32715491e-01   9.85649019e-10]


[ -5.24465929e-05   6.54787204e-01  -3.32715491e-01   9.85649019e-10]


[ -5.19380093e-05   6.47753438e-01  -3.31566977e-01   1.25149905e-09]


[ -5.19380093e-05   6.47753438e-01  -3.31566977e-01   1.25149905e-09]


[ -5.14348594e-05   6.40819855e-01  -3.30394583e-01   1.17767637e-09]


[ -5.14348594e-05   6.40819855e-01  -3.30394583e-01   1.17767637e-09]


[ -5.08139360e-05   6.32297344e-01  -3.28898661e-01   7.29789544e-10]


[ -5.08139360e-05   6.32297344e-01  -3.28898661e-01   7.29789544e-10]


[ -5.08139360e-05   6.32297344e-01  -3.28898661e-01   7.29789544e-10]


[ -5.00812080e-05   6.22288261e-01  -3.27063906e-01   8.65352514e-10]


[ -5.00812080e-05   6.22288261e-01  -3.27063906e-01   8.65352514e-10]


[ -4.96001914e-05   6.15745609e-01  -3.25809728e-01   5.47438022e-10]


[ -4.96001914e-05   6.15745609e-01  -3.25809728e-01   5.47438022e-10]


[ -4.91252016e-05   6.09306583e-01  -3.24546440e-01   5.35611594e-10]


[ -4.91252016e-05   6.09306583e-01  -3.24546440e-01   5.35611594e-10]


[ -4.91252016e-05   6.09306583e-01  -3.24546440e-01   5.35611594e-10]


[ -4.86566505e-05   6.02975844e-01  -3.23263547e-01   1.08505220e-09]


[ -4.86566505e-05   6.02975844e-01  -3.23263547e-01   1.08505220e-09]


[ -4.81933412e-05   5.96736184e-01  -3.21946512e-01   1.95913421e-09]


[ -4.81933412e-05   5.96736184e-01  -3.21946512e-01   1.95913421e-09]


[ -4.77337063e-05   5.90565494e-01  -3.20608828e-01   1.60546327e-09]


[ -4.77337063e-05   5.90565494e-01  -3.20608828e-01   1.60546327e-09]


[ -4.72785957e-05   5.84474450e-01  -3.19257475e-01   1.36283739e-09]


[ -4.72785957e-05   5.84474450e-01  -3.19257475e-01   1.36283739e-09]


[ -4.68286531e-05   5.78470940e-01  -3.17895015e-01   8.98798983e-10]


[ -4.68286531e-05   5.78470940e-01  -3.17895015e-01   8.98798983e-10]


[ -4.62749999e-05   5.71108656e-01  -3.16187091e-01   8.55536719e-10]


[ -4.62749999e-05   5.71108656e-01  -3.16187091e-01   8.55536719e-10]


[ -4.57311348e-05   5.63903324e-01  -3.14460101e-01   5.00283980e-10]


[ -4.56234862e-05   5.62480282e-01  -3.14114134e-01   5.01753059e-10]


[ -4.56234862e-05   5.62480282e-01  -3.14114134e-01   5.01753059e-10]


[ -4.53028241e-05   5.58247438e-01  -3.13069985e-01   4.19152065e-10]


[ -4.53028241e-05   5.58247438e-01  -3.13069985e-01   4.19152065e-10]


[ -4.48806859e-05   5.52688906e-01  -3.11668042e-01   1.30171961e-09]


[ -4.48806859e-05   5.52688906e-01  -3.11668042e-01   1.30171961e-09]


[ -4.43595349e-05   5.45847892e-01  -3.09882832e-01   1.35156707e-09]


[ -4.43595349e-05   5.45847892e-01  -3.09882832e-01   1.35156707e-09]


[ -4.38442011e-05   5.39105762e-01  -3.08068424e-01   1.03582391e-09]


[ -4.38442011e-05   5.39105762e-01  -3.08068424e-01   1.03582391e-09]


[ -4.34364252e-05   5.33786349e-01  -3.06614448e-01   6.37649441e-10]


[ -4.34364252e-05   5.33786349e-01  -3.06614448e-01   6.37649441e-10]


[ -4.30337691e-05   5.28547057e-01  -3.05158957e-01   6.20900632e-10]


[ -4.30337691e-05   5.28547057e-01  -3.05158957e-01   6.20900632e-10]


[ -4.30337691e-05   5.28547057e-01  -3.05158957e-01   6.20900632e-10]


[ -4.26363218e-05   5.23388408e-01  -3.03696238e-01   6.68864224e-10]


[ -4.22437692e-05   5.18305674e-01  -3.02220286e-01   1.07986708e-09]


[ -4.22437692e-05   5.18305674e-01  -3.02220286e-01   1.07986708e-09]


[ -4.22437692e-05   5.18305674e-01  -3.02220286e-01   1.07986708e-09]


[ -4.18556624e-05   5.13292423e-01  -3.00750981e-01   1.90797684e-10]


[ -4.18556624e-05   5.13292423e-01  -3.00750981e-01   1.90797684e-10]


[ -4.14732572e-05   5.08364358e-01  -2.99273717e-01   8.83008758e-10]


[ -4.14732572e-05   5.08364358e-01  -2.99273717e-01   8.83008758e-10]


[ -4.10019726e-05   5.02306421e-01  -2.97420211e-01   8.25395986e-10]


[ -4.10019726e-05   5.02306421e-01  -2.97420211e-01   8.25395986e-10]


[ -4.05378445e-05   4.96356946e-01  -2.95554931e-01   5.56420315e-10]


[ -4.04458495e-05   4.95179610e-01  -2.95182377e-01   5.45774573e-10]


[ -4.04458495e-05   4.95179610e-01  -2.95182377e-01   5.45774573e-10]


[ -4.00807416e-05   4.90513181e-01  -2.93688149e-01   4.08391195e-10]


[ -4.00807416e-05   4.90513181e-01  -2.93688149e-01   4.08391195e-10]


[ -3.96307469e-05   4.84775147e-01  -2.91806083e-01   7.24549543e-10]


[ -3.96307469e-05   4.84775147e-01  -2.91806083e-01   7.24549543e-10]


[ -3.92751204e-05   4.80250601e-01  -2.90305670e-01   1.59534295e-10]


[ -3.92751204e-05   4.80250601e-01  -2.90305670e-01   1.59534295e-10]


[ -3.89245389e-05   4.75798909e-01  -2.88809432e-01   4.18627115e-10]


[ -3.89245389e-05   4.75798909e-01  -2.88809432e-01   4.18627115e-10]


[ -3.85786620e-05   4.71415267e-01  -2.87314605e-01   2.68325361e-10]


[ -3.85786620e-05   4.71415267e-01  -2.87314605e-01   2.68325361e-10]


[ -3.82375097e-05   4.67099461e-01  -2.85815486e-01   5.08265135e-10]


[ -3.82375097e-05   4.67099461e-01  -2.85815486e-01   5.08265135e-10]


[ -3.82375097e-05   4.67099461e-01  -2.85815486e-01   5.08265135e-10]


[ -3.78169375e-05   4.61789589e-01  -2.83943445e-01   4.15500186e-10]


[ -3.78169375e-05   4.61789589e-01  -2.83943445e-01   4.15500186e-10]


[ -3.74023910e-05   4.56567013e-01  -2.82045469e-01   6.42312673e-10]


[ -3.73200077e-05   4.55530416e-01  -2.81666084e-01   6.17142941e-10]


[ -3.70740337e-05   4.52437925e-01  -2.80523684e-01   5.12713183e-10]


[ -3.70740337e-05   4.52437925e-01  -2.80523684e-01   5.12713183e-10]


[ -3.67491504e-05   4.48359023e-01  -2.79005072e-01   5.15395723e-10]


[ -3.67491504e-05   4.48359023e-01  -2.79005072e-01   5.15395723e-10]


[ -3.67491504e-05   4.48359023e-01  -2.79005072e-01   5.15395723e-10]


[ -3.64276580e-05   4.44328903e-01  -2.77476544e-01   5.53595408e-10]


[ -3.64276580e-05   4.44328903e-01  -2.77476544e-01   5.53595408e-10]


[ -3.60297855e-05   4.39349592e-01  -2.75545424e-01   7.52604264e-10]


[ -3.60297855e-05   4.39349592e-01  -2.75545424e-01   7.52604264e-10]


[ -3.56352603e-05   4.34420880e-01  -2.73605254e-01   4.73964847e-10]


[ -3.55568500e-05   4.33442326e-01  -2.73219027e-01   4.42961268e-10]


[ -3.55568500e-05   4.33442326e-01  -2.73219027e-01   4.42961268e-10]


[ -3.52452039e-05   4.29556255e-01  -2.71674045e-01   2.86065196e-10]


[ -3.52452039e-05   4.29556255e-01  -2.71674045e-01   2.86065196e-10]


[ -3.49370206e-05   4.25718382e-01  -2.70123783e-01   5.37294378e-10]


[ -3.49370206e-05   4.25718382e-01  -2.70123783e-01   5.37294378e-10]


[ -3.46316405e-05   4.21920196e-01  -2.68570869e-01   5.00176494e-10]


[ -3.46316405e-05   4.21920196e-01  -2.68570869e-01   5.00176494e-10]


[ -3.43291144e-05   4.18162070e-01  -2.67023759e-01   2.83645452e-10]


[ -3.43291144e-05   4.18162070e-01  -2.67023759e-01   2.83645452e-10]


[ -3.39558548e-05   4.13531363e-01  -2.65098419e-01   3.70562076e-10]


[ -3.39558548e-05   4.13531363e-01  -2.65098419e-01   3.70562076e-10]


[ -3.39558548e-05   4.13531363e-01  -2.65098419e-01   3.70562076e-10]


[ -3.35143450e-05   4.08062349e-01  -2.62792378e-01   2.67712202e-10]


[ -3.35143450e-05   4.08062349e-01  -2.62792378e-01   2.67712202e-10]


[ -3.32963545e-05   4.05365342e-01  -2.61631841e-01   4.00447552e-10]


[ -3.32963545e-05   4.05365342e-01  -2.61631841e-01   4.00447552e-10]


[ -3.30081136e-05   4.01802384e-01  -2.60097910e-01   3.24134802e-10]


[ -3.30081136e-05   4.01802384e-01  -2.60097910e-01   3.24134802e-10]


[ -3.26517956e-05   3.97402809e-01  -2.58170127e-01   3.64430582e-10]


[ -3.26517956e-05   3.97402809e-01  -2.58170127e-01   3.64430582e-10]


[ -3.23690530e-05   3.93915374e-01  -2.56613541e-01   3.72919361e-10]


[ -3.22283081e-05   3.92180550e-01  -2.55831268e-01   4.23840871e-10]


[ -3.22283081e-05   3.92180550e-01  -2.55831268e-01   4.23840871e-10]


[ -3.20178995e-05   3.89588451e-01  -2.54663712e-01   2.61650176e-10]


[ -3.20178995e-05   3.89588451e-01  -2.54663712e-01   2.61650176e-10]


[ -3.16701973e-05   3.85308572e-01  -2.52729373e-01   1.75511837e-10]


[ -3.16701973e-05   3.85308572e-01  -2.52729373e-01   1.75511837e-10]


[ -3.13949916e-05   3.81924130e-01  -2.51183891e-01   2.11198617e-10]


[ -3.12583031e-05   3.80244133e-01  -2.50409680e-01   2.46024234e-10]


[ -3.12583031e-05   3.80244133e-01  -2.50409680e-01   2.46024234e-10]


[ -3.09869287e-05   3.76910631e-01  -2.48882014e-01   5.66132816e-11]


[ -3.09869287e-05   3.76910631e-01  -2.48882014e-01   5.66132816e-11]


[ -3.07186466e-05   3.73617515e-01  -2.47351349e-01   1.90455536e-10]


[ -3.07186466e-05   3.73617515e-01  -2.47351349e-01   1.90455536e-10]


[ -3.04525786e-05   3.70353845e-01  -2.45812369e-01   1.87753791e-10]


[ -3.04525786e-05   3.70353845e-01  -2.45812369e-01   1.87753791e-10]


[ -3.04525786e-05   3.70353845e-01  -2.45812369e-01   1.87753791e-10]


[ -3.01885386e-05   3.67117195e-01  -2.44279576e-01   1.35823899e-10]


[ -3.01885386e-05   3.67117195e-01  -2.44279576e-01   1.35823899e-10]


[ -2.99267703e-05   3.63910422e-01  -2.42744033e-01   2.56904264e-10]


[ -2.99267703e-05   3.63910422e-01  -2.42744033e-01   2.56904264e-10]


[ -2.96667616e-05   3.60727124e-01  -2.41206569e-01   2.02072335e-10]


[ -2.96667616e-05   3.60727124e-01  -2.41206569e-01   2.02072335e-10]


[ -2.94087899e-05   3.57570586e-01  -2.39674851e-01   1.61799616e-10]


[ -2.94087899e-05   3.57570586e-01  -2.39674851e-01   1.61799616e-10]


[ -2.90895929e-05   3.53667312e-01  -2.37773763e-01   6.33196088e-12]


[ -2.90895929e-05   3.53667312e-01  -2.37773763e-01   6.33196088e-12]


[ -2.87745344e-05   3.49817161e-01  -2.35880914e-01   2.69709021e-11]


[ -2.87119778e-05   3.49052979e-01  -2.35505271e-01   1.63416843e-11]


[ -2.87119778e-05   3.49052979e-01  -2.35505271e-01   1.63416843e-11]


[ -2.84634355e-05   3.46017736e-01  -2.34007172e-01  -4.96547847e-11]


[ -2.84634355e-05   3.46017736e-01  -2.34007172e-01  -4.96547847e-11]


[ -2.82176685e-05   3.43017777e-01  -2.32507694e-01   1.32377536e-10]


[ -2.82176685e-05   3.43017777e-01  -2.32507694e-01   1.32377536e-10]


[ -2.79737643e-05   3.40041857e-01  -2.30999679e-01   1.67048385e-10]


[ -2.79737643e-05   3.40041857e-01  -2.30999679e-01   1.67048385e-10]


[ -2.77314851e-05   3.37086982e-01  -2.29504569e-01   2.99194480e-11]


[ -2.77314851e-05   3.37086982e-01  -2.29504569e-01   2.99194480e-11]


[ -2.74917025e-05   3.34163706e-01  -2.28025514e-01   5.36331473e-11]


[ -2.74917025e-05   3.34163706e-01  -2.28025514e-01   5.36331473e-11]


[ -2.72542899e-05   3.31270404e-01  -2.26545124e-01   4.05288384e-11]


[ -2.72542899e-05   3.31270404e-01  -2.26545124e-01   4.05288384e-11]


[ -2.70192282e-05   3.28406766e-01  -2.25078224e-01   5.87297734e-11]


[ -2.70192282e-05   3.28406766e-01  -2.25078224e-01   5.87297734e-11]


[ -2.67287620e-05   3.24869492e-01  -2.23252270e-01   2.21296200e-11]


[ -2.67287620e-05   3.24869492e-01  -2.23252270e-01   2.21296200e-11]


[ -2.64990489e-05   3.22073054e-01  -2.21807850e-01  -5.94227644e-11]


[ -2.63852301e-05   3.20687780e-01  -2.21085167e-01   7.28562193e-11]


[ -2.63852301e-05   3.20687780e-01  -2.21085167e-01   7.28562193e-11]


[ -2.61592070e-05   3.17937467e-01  -2.19647964e-01   1.27736236e-11]


[ -2.61592070e-05   3.17937467e-01  -2.19647964e-01   1.27736236e-11]


[ -2.59353893e-05   3.15214724e-01  -2.18209551e-01   8.41344635e-11]


[ -2.59353893e-05   3.15214724e-01  -2.18209551e-01   8.41344635e-11]


[ -2.57131397e-05   3.12511738e-01  -2.16765148e-01   8.05534749e-11]


[ -2.57131397e-05   3.12511738e-01  -2.16765148e-01   8.05534749e-11]


[ -2.54923760e-05   3.09827454e-01  -2.15328443e-01   4.87803895e-11]


[ -2.54923760e-05   3.09827454e-01  -2.15328443e-01   4.87803895e-11]


[ -2.54923760e-05   3.09827454e-01  -2.15328443e-01   4.87803895e-11]


[ -2.52733874e-05   3.07165342e-01  -2.13899295e-01   2.98427905e-11]


[ -2.52733874e-05   3.07165342e-01  -2.13899295e-01   2.98427905e-11]


[ -2.50562888e-05   3.04526752e-01  -2.12471414e-01   8.94004047e-11]


[ -2.50562888e-05   3.04526752e-01  -2.12471414e-01   8.94004047e-11]


[ -2.47874617e-05   3.01260167e-01  -2.10701476e-01   5.19036495e-11]


[ -2.47874617e-05   3.01260167e-01  -2.10701476e-01   5.19036495e-11]


[ -2.45219512e-05   2.98034604e-01  -2.08952221e-01  -5.69211405e-11]


[ -2.44693249e-05   2.97395352e-01  -2.08603478e-01   5.57472084e-12]


[ -2.44693249e-05   2.97395352e-01  -2.08603478e-01   5.57472084e-12]


[ -2.42601055e-05   2.94854216e-01  -2.07212607e-01  -3.01508895e-11]


[ -2.42601055e-05   2.94854216e-01  -2.07212607e-01  -3.01508895e-11]


[ -2.40015433e-05   2.91714295e-01  -2.05477837e-01   3.80965913e-11]


[ -2.40015433e-05   2.91714295e-01  -2.05477837e-01   3.80965913e-11]


[ -2.40015433e-05   2.91714295e-01  -2.05477837e-01   3.80965913e-11]


[ -2.36947525e-05   2.87989383e-01  -2.03399186e-01   9.62384671e-11]


[ -2.36947525e-05   2.87989383e-01  -2.03399186e-01   9.62384671e-11]


[ -2.35424246e-05   2.86140138e-01  -2.02350639e-01   9.98212952e-11]


[ -2.35424246e-05   2.86140138e-01  -2.02350639e-01   9.98212952e-11]


[ -2.33401602e-05   2.83684901e-01  -2.00960689e-01   6.67825558e-11]


[ -2.33401602e-05   2.83684901e-01  -2.00960689e-01   6.67825558e-11]


[ -2.30891663e-05   2.80638489e-01  -1.99235911e-01  -7.76346629e-12]


[ -2.30891663e-05   2.80638489e-01  -1.99235911e-01  -7.76346629e-12]


[ -2.28904163e-05   2.78226425e-01  -1.97873384e-01  -3.66785681e-11]


[ -2.27918539e-05   2.77030329e-01  -1.97197604e-01   8.29750190e-12]


[ -2.27918539e-05   2.77030329e-01  -1.97197604e-01   8.29750190e-12]


[ -2.25963625e-05   2.74658095e-01  -1.95856013e-01  -2.86653790e-11]


[ -2.25963625e-05   2.74658095e-01  -1.95856013e-01  -2.86653790e-11]


[ -2.24031139e-05   2.72313239e-01  -1.94525039e-01  -1.69555411e-11]


[ -2.24031139e-05   2.72313239e-01  -1.94525039e-01  -1.69555411e-11]


[ -2.22118493e-05   2.69992601e-01  -1.93192028e-01   5.35121970e-11]


[ -2.22118493e-05   2.69992601e-01  -1.93192028e-01   5.35121970e-11]


[ -2.20219123e-05   2.67688197e-01  -1.91855728e-01   5.12098906e-11]


[ -2.20219123e-05   2.67688197e-01  -1.91855728e-01   5.12098906e-11]


[ -2.20219123e-05   2.67688197e-01  -1.91855728e-01   5.12098906e-11]


[ -2.18332481e-05   2.65399342e-01  -1.90528659e-01   2.93129102e-11]


[ -2.18332481e-05   2.65399342e-01  -1.90528659e-01   2.93129102e-11]


[ -2.15994649e-05   2.62563237e-01  -1.88870402e-01   7.71714267e-11]


[ -2.15994649e-05   2.62563237e-01  -1.88870402e-01   7.71714267e-11]


[ -2.13675634e-05   2.59750073e-01  -1.87220254e-01   4.16987167e-11]


[ -2.13214441e-05   2.59190618e-01  -1.86890205e-01   5.86781716e-11]


[ -2.11835229e-05   2.57517570e-01  -1.85901258e-01   4.19182451e-11]


[ -2.11835229e-05   2.57517570e-01  -1.85901258e-01   4.19182451e-11]


[ -2.11835229e-05   2.57517570e-01  -1.85901258e-01   4.19182451e-11]


[ -2.09553410e-05   2.54749671e-01  -1.84266443e-01   2.80241261e-11]


[ -2.09553410e-05   2.54749671e-01  -1.84266443e-01   2.80241261e-11]


[ -2.07292877e-05   2.52007642e-01  -1.82632913e-01   1.87813139e-11]


[ -2.06843103e-05   2.51462068e-01  -1.82309977e-01   7.65464378e-12]


[ -2.05500098e-05   2.49833017e-01  -1.81344000e-01  -2.85240095e-11]


[ -2.05500098e-05   2.49833017e-01  -1.81344000e-01  -2.85240095e-11]


[ -2.05500098e-05   2.49833017e-01  -1.81344000e-01  -2.85240095e-11]


[ -2.03726969e-05   2.47682238e-01  -1.80072762e-01  -2.74970430e-12]


[ -2.03726969e-05   2.47682238e-01  -1.80072762e-01  -2.74970430e-12]


[ -2.01534128e-05   2.45022350e-01  -1.78472280e-01   6.50988098e-11]


[ -2.01534128e-05   2.45022350e-01  -1.78472280e-01   6.50988098e-11]


[ -1.99358687e-05   2.42383551e-01  -1.76883178e-01   3.06883042e-11]


[ -1.98926119e-05   2.41858845e-01  -1.76565731e-01   4.58792904e-11]


[ -1.98926119e-05   2.41858845e-01  -1.76565731e-01   4.58792904e-11]


[ -1.97203435e-05   2.39769209e-01  -1.75304800e-01  -1.23119829e-11]


[ -1.97203435e-05   2.39769209e-01  -1.75304800e-01  -1.23119829e-11]


[ -1.95497036e-05   2.37699298e-01  -1.74052866e-01   3.58310000e-11]


[ -1.95497036e-05   2.37699298e-01  -1.74052866e-01   3.58310000e-11]


[ -1.93805812e-05   2.35647759e-01  -1.72816106e-01  -2.44897509e-11]


[ -1.93805812e-05   2.35647759e-01  -1.72816106e-01  -2.44897509e-11]


[ -1.91719443e-05   2.33116831e-01  -1.71293435e-01  -2.43710863e-11]


[ -1.91719443e-05   2.33116831e-01  -1.71293435e-01  -2.43710863e-11]


[ -1.90071658e-05   2.31117887e-01  -1.70084604e-01  -2.93223948e-11]


[ -1.89662576e-05   2.30621618e-01  -1.69785430e-01  -2.85589246e-11]


[ -1.89662576e-05   2.30621618e-01  -1.69785430e-01  -2.85589246e-11]


[ -1.88442318e-05   2.29141267e-01  -1.68886452e-01   6.83251731e-12]


[ -1.88442318e-05   2.29141267e-01  -1.68886452e-01   6.83251731e-12]


[ -1.86426856e-05   2.26696148e-01  -1.67383109e-01   6.08563111e-11]


[ -1.86426856e-05   2.26696148e-01  -1.67383109e-01   6.08563111e-11]


[ -1.84427338e-05   2.24270276e-01  -1.65894140e-01  -3.56745340e-11]


[ -1.84030428e-05   2.23788722e-01  -1.65601337e-01  -3.34850339e-11]


[ -1.84030428e-05   2.23788722e-01  -1.65601337e-01  -3.34850339e-11]


[ -1.82846862e-05   2.22352725e-01  -1.64723917e-01  -3.51790006e-11]


[ -1.82846862e-05   2.22352725e-01  -1.64723917e-01  -3.51790006e-11]


[ -1.80897488e-05   2.19987506e-01  -1.63267963e-01   4.60574254e-11]


[ -1.80897488e-05   2.19987506e-01  -1.63267963e-01   4.60574254e-11]


[ -1.78967815e-05   2.17646081e-01  -1.61812395e-01   1.75711206e-11]


[ -1.78584153e-05   2.17180539e-01  -1.61524156e-01   1.33592094e-11]


[ -1.78584153e-05   2.17180539e-01  -1.61524156e-01   1.33592094e-11]


[ -1.77060359e-05   2.15331498e-01  -1.60385203e-01  -8.80719368e-12]


[ -1.77060359e-05   2.15331498e-01  -1.60385203e-01  -8.80719368e-12]


[ -1.75553782e-05   2.13503274e-01  -1.59243809e-01   4.59054781e-11]


[ -1.75553782e-05   2.13503274e-01  -1.59243809e-01   4.59054781e-11]


[ -1.74059287e-05   2.11689635e-01  -1.58107218e-01   4.34488633e-11]


[ -1.74059287e-05   2.11689635e-01  -1.58107218e-01   4.34488633e-11]


[ -1.72577002e-05   2.09890735e-01  -1.56976733e-01   4.09471414e-11]


[ -1.72577002e-05   2.09890735e-01  -1.56976733e-01   4.09471414e-11]


[ -1.71107140e-05   2.08106834e-01  -1.55852491e-01   3.89433636e-11]


[ -1.71107140e-05   2.08106834e-01  -1.55852491e-01   3.89433636e-11]


[ -1.69649800e-05   2.06338051e-01  -1.54734579e-01   3.72800948e-11]


[ -1.69649800e-05   2.06338051e-01  -1.54734579e-01   3.72800948e-11]


[ -1.68205001e-05   2.04584409e-01  -1.53623063e-01   3.58390792e-11]


[ -1.68205001e-05   2.04584409e-01  -1.53623063e-01   3.58390792e-11]


[ -1.66414173e-05   2.02410658e-01  -1.52230364e-01   4.72629801e-11]


[ -1.66414173e-05   2.02410658e-01  -1.52230364e-01   4.72629801e-11]


[ -1.64990048e-05   2.00681931e-01  -1.51116643e-01   2.72107841e-11]


[ -1.64281501e-05   1.99821804e-01  -1.50565592e-01   3.30113829e-11]


[ -1.64281501e-05   1.99821804e-01  -1.50565592e-01   3.30113829e-11]


[ -1.62873387e-05   1.98112392e-01  -1.49471176e-01   1.54293921e-11]


[ -1.62873387e-05   1.98112392e-01  -1.49471176e-01   1.54293921e-11]


[ -1.61477657e-05   1.96417933e-01  -1.48381709e-01   1.44179341e-11]


[ -1.61477657e-05   1.96417933e-01  -1.48381709e-01   1.44179341e-11]


[ -1.60094539e-05   1.94738707e-01  -1.47309028e-01  -2.56089505e-11]


[ -1.60094539e-05   1.94738707e-01  -1.47309028e-01  -2.56089505e-11]


[ -1.60094539e-05   1.94738707e-01  -1.47309028e-01  -2.56089505e-11]


[ -1.58727526e-05   1.93078953e-01  -1.46247750e-01  -6.77620217e-12]


[ -1.58727526e-05   1.93078953e-01  -1.46247750e-01  -6.77620217e-12]


[ -1.57375034e-05   1.91436751e-01  -1.45186964e-01   4.32256885e-11]


[ -1.57375034e-05   1.91436751e-01  -1.45186964e-01   4.32256885e-11]


[ -1.56032311e-05   1.89806333e-01  -1.44128990e-01   2.35575703e-11]


[ -1.56032311e-05   1.89806333e-01  -1.44128990e-01   2.35575703e-11]


[ -1.54371543e-05   1.87789614e-01  -1.42826209e-01   1.83614576e-11]


[ -1.54371543e-05   1.87789614e-01  -1.42826209e-01   1.83614576e-11]


[ -1.52731514e-05   1.85797958e-01  -1.41533986e-01  -1.82032281e-12]


[ -1.52405927e-05   1.85402552e-01  -1.41278045e-01  -2.17643412e-12]


[ -1.51434229e-05   1.84222447e-01  -1.40511172e-01  -7.99835515e-12]


[ -1.51434229e-05   1.84222447e-01  -1.40511172e-01  -7.99835515e-12]


[ -1.50151191e-05   1.82664164e-01  -1.39500415e-01   1.67044045e-12]


[ -1.50151191e-05   1.82664164e-01  -1.39500415e-01   1.67044045e-12]


[ -1.48881936e-05   1.81122547e-01  -1.38499017e-01  -1.39537989e-11]


[ -1.48881936e-05   1.81122547e-01  -1.38499017e-01  -1.39537989e-11]


[ -1.47626852e-05   1.79598070e-01  -1.37503911e-01   2.02903775e-11]


[ -1.47626852e-05   1.79598070e-01  -1.37503911e-01   2.02903775e-11]


[ -1.46382568e-05   1.78086640e-01  -1.36511619e-01   6.12500494e-12]


[ -1.46382568e-05   1.78086640e-01  -1.36511619e-01   6.12500494e-12]


[ -1.46382568e-05   1.78086640e-01  -1.36511619e-01   6.12500494e-12]


[ -1.44843008e-05   1.76216441e-01  -1.35282654e-01   1.59891182e-11]


[ -1.44843008e-05   1.76216441e-01  -1.35282654e-01   1.59891182e-11]


[ -1.43318353e-05   1.74364242e-01  -1.34050027e-01   2.44116796e-11]


[ -1.43014783e-05   1.73995443e-01  -1.33805628e-01   2.12585713e-11]


[ -1.43014783e-05   1.73995443e-01  -1.33805628e-01   2.12585713e-11]


[ -1.42107608e-05   1.72893316e-01  -1.33073404e-01   9.43209337e-12]


[ -1.42107608e-05   1.72893316e-01  -1.33073404e-01   9.43209337e-12]


[ -1.40609328e-05   1.71072976e-01  -1.31860961e-01   3.37596961e-11]


[ -1.40609328e-05   1.71072976e-01  -1.31860961e-01   3.37596961e-11]


[ -1.39124010e-05   1.69268283e-01  -1.30650044e-01   1.59618516e-11]


[ -1.38828516e-05   1.68909240e-01  -1.30410297e-01   1.32250679e-11]


[ -1.38828516e-05   1.68909240e-01  -1.30410297e-01   1.32250679e-11]


[ -1.37945874e-05   1.67836754e-01  -1.29690980e-01   1.54966303e-11]


[ -1.37945874e-05   1.67836754e-01  -1.29690980e-01   1.54966303e-11]


[ -1.36777402e-05   1.66416907e-01  -1.28732653e-01   3.55641854e-11]


[ -1.36777402e-05   1.66416907e-01  -1.28732653e-01   3.55641854e-11]


[ -1.35326512e-05   1.64653801e-01  -1.27538756e-01   1.54729507e-11]


[ -1.35326512e-05   1.64653801e-01  -1.27538756e-01   1.54729507e-11]


[ -1.33605582e-05   1.62562429e-01  -1.26132375e-01  -3.16361269e-12]


[ -1.33605582e-05   1.62562429e-01  -1.26132375e-01  -3.16361269e-12]


[ -1.33605582e-05   1.62562429e-01  -1.26132375e-01  -3.16361269e-12]


[ -1.32473170e-05   1.61186187e-01  -1.25209295e-01  -2.02626524e-11]


[ -1.32473170e-05   1.61186187e-01  -1.25209295e-01  -2.02626524e-11]


[ -1.31353628e-05   1.59825531e-01  -1.24287567e-01   2.41532199e-11]


[ -1.31353628e-05   1.59825531e-01  -1.24287567e-01   2.41532199e-11]


[ -1.30243129e-05   1.58475814e-01  -1.23374051e-01   4.95978129e-12]


[ -1.30243129e-05   1.58475814e-01  -1.23374051e-01   4.95978129e-12]


[ -1.28868864e-05   1.56805438e-01  -1.22235689e-01   2.45202523e-11]


[ -1.28868864e-05   1.56805438e-01  -1.22235689e-01   2.45202523e-11]


[ -1.27776961e-05   1.55478208e-01  -1.21323962e-01   1.65794505e-11]


[ -1.27233635e-05   1.54817767e-01  -1.20872476e-01   2.09434048e-11]


[ -1.27233635e-05   1.54817767e-01  -1.20872476e-01   2.09434048e-11]


[ -1.26153391e-05   1.53504637e-01  -1.19975234e-01   1.24704871e-11]


[ -1.26153391e-05   1.53504637e-01  -1.19975234e-01   1.24704871e-11]


[ -1.25081811e-05   1.52201994e-01  -1.19081481e-01   1.21092523e-11]


[ -1.25081811e-05   1.52201994e-01  -1.19081481e-01   1.21092523e-11]


[ -1.24018486e-05   1.50909339e-01  -1.18193851e-01   1.71452378e-11]


[ -1.24018486e-05   1.50909339e-01  -1.18193851e-01   1.71452378e-11]


[ -1.22962382e-05   1.49625419e-01  -1.17306474e-01   1.54416361e-11]


[ -1.22962382e-05   1.49625419e-01  -1.17306474e-01   1.54416361e-11]


[ -1.21913364e-05   1.48350071e-01  -1.16427489e-01   8.38873721e-12]


[ -1.21913364e-05   1.48350071e-01  -1.16427489e-01   8.38873721e-12]


[ -1.21913364e-05   1.48350071e-01  -1.16427489e-01   8.38873721e-12]


[ -1.20872851e-05   1.47085022e-01  -1.15556524e-01   4.54472898e-12]


[ -1.20872851e-05   1.47085022e-01  -1.15556524e-01   4.54472898e-12]


[ -1.19584497e-05   1.45518592e-01  -1.14470636e-01   2.19675750e-11]


[ -1.19584497e-05   1.45518592e-01  -1.14470636e-01   2.19675750e-11]


[ -1.18306861e-05   1.43965133e-01  -1.13394153e-01   9.29278920e-13]


[ -1.18052925e-05   1.43656369e-01  -1.13181494e-01  -1.09743468e-12]


[ -1.18052925e-05   1.43656369e-01  -1.13181494e-01  -1.09743468e-12]


[ -1.17043421e-05   1.42428875e-01  -1.12332608e-01   5.85856519e-12]


[ -1.17043421e-05   1.42428875e-01  -1.12332608e-01   5.85856519e-12]


[ -1.15794117e-05   1.40909749e-01  -1.11279799e-01  -5.20320891e-12]


[ -1.15794117e-05   1.40909749e-01  -1.11279799e-01  -5.20320891e-12]


[ -1.14805512e-05   1.39707588e-01  -1.10449435e-01  -8.34352998e-12]


[ -1.14805512e-05   1.39707588e-01  -1.10449435e-01  -8.34352998e-12]


[ -1.13827494e-05   1.38518268e-01  -1.09628309e-01  -3.39929868e-12]


[ -1.13827494e-05   1.38518268e-01  -1.09628309e-01  -3.39929868e-12]


[ -1.12860003e-05   1.37341716e-01  -1.08817330e-01  -4.65717044e-12]


[ -1.12860003e-05   1.37341716e-01  -1.08817330e-01  -4.65717044e-12]


[ -1.12860003e-05   1.37341716e-01  -1.08817330e-01  -4.65717044e-12]


[ -1.11902485e-05   1.36177260e-01  -1.08007522e-01   6.79541575e-12]


[ -1.11902485e-05   1.36177260e-01  -1.08007522e-01   6.79541575e-12]


[ -1.10716179e-05   1.34734527e-01  -1.06995769e-01   2.14518618e-11]


[ -1.10716179e-05   1.34734527e-01  -1.06995769e-01   2.14518618e-11]


[ -1.09538593e-05   1.33302353e-01  -1.05989613e-01   1.39620725e-11]


[ -1.09538593e-05   1.33302353e-01  -1.05989613e-01   1.39620725e-11]


[ -1.08836576e-05   1.32448543e-01  -1.05385891e-01   1.80647026e-11]


[ -1.08836576e-05   1.32448543e-01  -1.05385891e-01   1.80647026e-11]


[ -1.07906237e-05   1.31317018e-01  -1.04591574e-01   1.21134590e-11]


[ -1.07906237e-05   1.31317018e-01  -1.04591574e-01   1.21134590e-11]


[ -1.06752864e-05   1.29914192e-01  -1.03598482e-01   1.10616906e-11]


[ -1.06752864e-05   1.29914192e-01  -1.03598482e-01   1.10616906e-11]


[ -1.05837073e-05   1.28800303e-01  -1.02812645e-01  -2.58166444e-13]


[ -1.05609367e-05   1.28523338e-01  -1.02618611e-01  -2.03115190e-12]


[ -1.05609367e-05   1.28523338e-01  -1.02618611e-01  -2.03115190e-12]


[ -1.04930139e-05   1.27697162e-01  -1.02042635e-01  -1.75126312e-11]


[ -1.04930139e-05   1.27697162e-01  -1.02042635e-01  -1.75126312e-11]


[ -1.03812284e-05   1.26337437e-01  -1.01088859e-01   1.10590717e-11]


[ -1.03812284e-05   1.26337437e-01  -1.01088859e-01   1.10590717e-11]


[ -1.02706663e-05   1.24992556e-01  -1.00136517e-01   1.08473344e-11]


[ -1.02486768e-05   1.24725071e-01  -9.99460690e-02   1.48129184e-11]


[ -1.02486768e-05   1.24725071e-01  -9.99460690e-02   1.48129184e-11]


[ -1.01829012e-05   1.23924954e-01  -9.93766462e-02   6.05695711e-12]


[ -1.01829012e-05   1.23924954e-01  -9.93766462e-02   6.05695711e-12]


[ -1.00741729e-05   1.22602321e-01  -9.84372296e-02   1.43910368e-11]


[ -1.00741729e-05   1.22602321e-01  -9.84372296e-02   1.43910368e-11]


[ -9.96641504e-06   1.21291461e-01  -9.75027394e-02   2.95058557e-12]


[ -9.94498842e-06   1.21030805e-01  -9.73181140e-02   1.26369739e-12]


[ -9.94498842e-06   1.21030805e-01  -9.73181140e-02   1.26369739e-12]


[ -9.88101430e-06   1.20252551e-01  -9.67648487e-02   2.50873595e-12]


[ -9.88101430e-06   1.20252551e-01  -9.67648487e-02   2.50873595e-12]


[ -9.77532521e-06   1.18966804e-01  -9.58449461e-02   1.44691707e-11]


[ -9.77532521e-06   1.18966804e-01  -9.58449461e-02   1.44691707e-11]


[ -9.67055853e-06   1.17692252e-01  -9.49369642e-02  -1.27984914e-11]


[ -9.67055853e-06   1.17692252e-01  -9.49369642e-02  -1.27984914e-11]


[ -9.60838981e-06   1.16935918e-01  -9.44014615e-02  -2.17410289e-12]


[ -9.60838981e-06   1.16935918e-01  -9.44014615e-02  -2.17410289e-12]


[ -9.52629207e-06   1.15937116e-01  -9.36900822e-02   3.80302902e-12]


[ -9.52629207e-06   1.15937116e-01  -9.36900822e-02   3.80302902e-12]


[ -9.42475876e-06   1.14701840e-01  -9.28081851e-02   3.38191565e-12]


[ -9.42475876e-06   1.14701840e-01  -9.28081851e-02   3.38191565e-12]


[ -9.34439065e-06   1.13724046e-01  -9.21135571e-02  -6.51267762e-12]


[ -9.30455345e-06   1.13239364e-01  -9.17670298e-02   8.39233585e-12]


[ -9.30455345e-06   1.13239364e-01  -9.17670298e-02   8.39233585e-12]


[ -9.24512940e-06   1.12516371e-01  -9.12507445e-02   7.19752764e-13]


[ -9.24512940e-06   1.12516371e-01  -9.12507445e-02   7.19752764e-13]


[ -9.16657409e-06   1.11560602e-01  -9.05653778e-02   1.09490821e-11]


[ -9.16657409e-06   1.11560602e-01  -9.05653778e-02   1.09490821e-11]


[ -9.08865270e-06   1.10612532e-01  -8.98843882e-02   7.21442302e-12]


[ -9.08865270e-06   1.10612532e-01  -8.98843882e-02   7.21442302e-12]


[ -9.01136599e-06   1.09672172e-01  -8.92062816e-02   5.74553053e-12]


[ -8.95384050e-06   1.08972242e-01  -8.87037741e-02   7.18620162e-12]


[ -8.91571387e-06   1.08508340e-01  -8.83698570e-02   2.54525167e-12]


[ -8.91571387e-06   1.08508340e-01  -8.83698570e-02   2.54525167e-12]


[ -8.84006374e-06   1.07587866e-01  -8.77111937e-02  -1.18536967e-12]


[ -8.84006374e-06   1.07587866e-01  -8.77111937e-02  -1.18536967e-12]


[ -8.84006374e-06   1.07587866e-01  -8.77111937e-02  -1.18536967e-12]


[ -8.76521092e-06   1.06677082e-01  -8.70537852e-02   4.09039161e-12]


[ -8.76521092e-06   1.06677082e-01  -8.70537852e-02   4.09039161e-12]


[ -8.67250195e-06   1.05549016e-01  -8.62318314e-02   1.37547844e-11]


[ -8.67250195e-06   1.05549016e-01  -8.62318314e-02   1.37547844e-11]


[ -8.58035652e-06   1.04427792e-01  -8.54081857e-02   8.50089541e-12]


[ -8.56199680e-06   1.04204389e-01  -8.52453252e-02   6.78805138e-12]


[ -8.56199680e-06   1.04204389e-01  -8.52453252e-02   6.78805138e-12]


[ -8.48891406e-06   1.03315106e-01  -8.45953756e-02   6.99923340e-12]


[ -8.48891406e-06   1.03315106e-01  -8.45953756e-02   6.99923340e-12]


[ -8.39831366e-06   1.02212653e-01  -8.37852468e-02   6.99784158e-12]


[ -8.39831366e-06   1.02212653e-01  -8.37852468e-02   6.99784158e-12]


[ -8.32639406e-06   1.01337504e-01  -8.31441688e-02   3.54494623e-13]


[ -8.32639406e-06   1.01337504e-01  -8.31441688e-02   3.54494623e-13]


[ -8.25513848e-06   1.00470426e-01  -8.25115479e-02  -5.26275809e-13]


[ -8.25513848e-06   1.00470426e-01  -8.25115479e-02  -5.26275809e-13]


[ -8.18459226e-06   9.96119729e-02  -8.18836478e-02   4.87255434e-12]


[ -8.18459226e-06   9.96119729e-02  -8.18836478e-02   4.87255434e-12]


[ -8.11461677e-06   9.87604571e-02  -8.12562147e-02   5.44452168e-12]


[ -8.11461677e-06   9.87604571e-02  -8.12562147e-02   5.44452168e-12]


[ -8.11461677e-06   9.87604571e-02  -8.12562147e-02   5.44452168e-12]


[ -8.04516192e-06   9.79152697e-02  -8.06349998e-02   2.96379868e-12]


[ -8.04516192e-06   9.79152697e-02  -8.06349998e-02   2.96379868e-12]


[ -7.95913868e-06   9.68684540e-02  -7.98612277e-02   1.01696054e-11]


[ -7.95913868e-06   9.68684540e-02  -7.98612277e-02   1.01696054e-11]


[ -7.87383028e-06   9.58303271e-02  -7.90938223e-02   5.51282747e-12]


[ -7.85686587e-06   9.56238844e-02  -7.89406269e-02   7.85897017e-12]


[ -7.85686587e-06   9.56238844e-02  -7.89406269e-02   7.85897017e-12]


[ -7.78937727e-06   9.48026001e-02  -7.83395529e-02  -9.28741037e-12]


[ -7.78937727e-06   9.48026001e-02  -7.83395529e-02  -9.28741037e-12]


[ -7.72270009e-06   9.39911844e-02  -7.77430416e-02   4.58788556e-12]


[ -7.72270009e-06   9.39911844e-02  -7.77430416e-02   4.58788556e-12]


[ -7.65665994e-06   9.31875153e-02  -7.71507095e-02   5.03319176e-12]


[ -7.65665994e-06   9.31875153e-02  -7.71507095e-02   5.03319176e-12]


[ -7.57495857e-06   9.21932512e-02  -7.64172313e-02   1.53912441e-12]


[ -7.57495857e-06   9.21932512e-02  -7.64172313e-02   1.53912441e-12]


[ -7.51026691e-06   9.14059810e-02  -7.58360248e-02  -1.27387575e-12]


[ -7.47816225e-06   9.10152791e-02  -7.55481508e-02   2.95534667e-12]


[ -7.47816225e-06   9.10152791e-02  -7.55481508e-02   2.95534667e-12]


[ -7.43030691e-06   9.04328950e-02  -7.51193978e-02  -1.74626248e-12]


[ -7.43030691e-06   9.04328950e-02  -7.51193978e-02  -1.74626248e-12]


[ -7.35137219e-06   8.94722793e-02  -7.44086469e-02   4.62457228e-12]


[ -7.35137219e-06   8.94722793e-02  -7.44086469e-02   4.62457228e-12]


[ -7.28883288e-06   8.87111868e-02  -7.38473548e-02  -7.03847341e-12]


[ -7.25783918e-06   8.83339974e-02  -7.35711341e-02  -4.43301032e-12]


[ -7.25783918e-06   8.83339974e-02  -7.35711341e-02  -4.43301032e-12]


[ -7.21174320e-06   8.77730134e-02  -7.31621358e-02  -8.78951502e-12]


[ -7.21174320e-06   8.77730134e-02  -7.31621358e-02  -8.78951502e-12]


[ -7.15100976e-06   8.70338895e-02  -7.26174235e-02   5.30097146e-12]


[ -7.15100976e-06   8.70338895e-02  -7.26174235e-02   5.30097146e-12]


[ -7.07588133e-06   8.61195740e-02  -7.19399027e-02   2.78452070e-13]


[ -7.07588133e-06   8.61195740e-02  -7.19399027e-02   2.78452070e-13]


[ -7.01642208e-06   8.53959492e-02  -7.14029515e-02   1.00464700e-12]


[ -6.98690995e-06   8.50367826e-02  -7.11361225e-02   5.13163993e-12]


[ -6.98690995e-06   8.50367826e-02  -7.11361225e-02   5.13163993e-12]


[ -6.92828109e-06   8.43232591e-02  -7.06041894e-02   5.00188439e-12]


[ -6.92828109e-06   8.43232591e-02  -7.06041894e-02   5.00188439e-12]


[ -6.87011171e-06   8.36153247e-02  -7.00724838e-02   5.95439757e-12]


[ -6.87011171e-06   8.36153247e-02  -7.00724838e-02   5.95439757e-12]


[ -6.81233709e-06   8.29121918e-02  -6.95436853e-02   5.25654226e-12]


[ -6.81233709e-06   8.29121918e-02  -6.95436853e-02   5.25654226e-12]


[ -6.75497874e-06   8.22141225e-02  -6.90179857e-02   4.68157045e-12]


[ -6.75497874e-06   8.22141225e-02  -6.90179857e-02   4.68157045e-12]


[ -6.69807949e-06   8.15216380e-02  -6.84990550e-02  -7.73124728e-13]


[ -6.69807949e-06   8.15216380e-02  -6.84990550e-02  -7.73124728e-13]


[ -6.69807949e-06   8.15216380e-02  -6.84990550e-02  -7.73124728e-13]


[ -6.64176104e-06   8.08362198e-02  -6.79846219e-02   2.09726121e-12]


[ -6.64176104e-06   8.08362198e-02  -6.79846219e-02   2.09726121e-12]


[ -6.57205489e-06   7.99878647e-02  -6.73404303e-02   8.62537805e-12]


[ -6.57205489e-06   7.99878647e-02  -6.73404303e-02   8.62537805e-12]


[ -6.50285390e-06   7.91456546e-02  -6.66993702e-02   3.68024632e-12]


[ -6.48908688e-06   7.89781027e-02  -6.65724887e-02   3.16959792e-12]


[ -6.48908688e-06   7.89781027e-02  -6.65724887e-02   3.16959792e-12]


[ -6.43431819e-06   7.83115381e-02  -6.60672921e-02   1.51661940e-13]


[ -6.43431819e-06   7.83115381e-02  -6.60672921e-02   1.51661940e-13]


[ -6.38007323e-06   7.76513458e-02  -6.55640959e-02   6.39603303e-12]


[ -6.38007323e-06   7.76513458e-02  -6.55640959e-02   6.39603303e-12]


[ -6.32619137e-06   7.69955709e-02  -6.50615566e-02   4.87067276e-12]


[ -6.32619137e-06   7.69955709e-02  -6.50615566e-02   4.87067276e-12]


[ -6.27271646e-06   7.63447472e-02  -6.45652614e-02   4.86422394e-12]


[ -6.27271646e-06   7.63447472e-02  -6.45652614e-02   4.86422394e-12]


[ -6.21969803e-06   7.56994777e-02  -6.40722311e-02   4.93461053e-12]


[ -6.21969803e-06   7.56994777e-02  -6.40722311e-02   4.93461053e-12]


[ -6.15398034e-06   7.48996478e-02  -6.34590746e-02   1.21385504e-12]


[ -6.15398034e-06   7.48996478e-02  -6.34590746e-02   1.21385504e-12]


[ -6.10190635e-06   7.42658698e-02  -6.29749580e-02  -1.55004962e-14]


[ -6.07606067e-06   7.39513088e-02  -6.27350050e-02   2.81436594e-12]


[ -6.07606067e-06   7.39513088e-02  -6.27350050e-02   2.81436594e-12]


[ -6.02474797e-06   7.33267943e-02  -6.22590381e-02   5.30088686e-13]


[ -6.02474797e-06   7.33267943e-02  -6.22590381e-02   5.30088686e-13]


[ -5.97393286e-06   7.27083348e-02  -6.17849060e-02   2.47606810e-12]


[ -5.97393286e-06   7.27083348e-02  -6.17849060e-02   2.47606810e-12]


[ -5.92353200e-06   7.20949159e-02  -6.13133476e-02   4.43483518e-12]


[ -5.91098940e-06   7.19422623e-02  -6.11952557e-02   5.66644882e-12]


[ -5.87348040e-06   7.14857470e-02  -6.08441333e-02   2.71180710e-12]


[ -5.87348040e-06   7.14857470e-02  -6.08441333e-02   2.71180710e-12]


[ -5.82381163e-06   7.08812365e-02  -6.03787223e-02   3.03081198e-12]


[ -5.82381163e-06   7.08812365e-02  -6.03787223e-02   3.03081198e-12]


[ -5.77451431e-06   7.02812459e-02  -5.99157951e-02   2.64653024e-12]


[ -5.77451431e-06   7.02812459e-02  -5.99157951e-02   2.64653024e-12]


[ -5.77451431e-06   7.02812459e-02  -5.99157951e-02   2.64653024e-12]


[ -5.72561219e-06   6.96860645e-02  -5.94596792e-02  -1.79223735e-12]


[ -5.72561219e-06   6.96860645e-02  -5.94596792e-02  -1.79223735e-12]


[ -5.66517134e-06   6.89504457e-02  -5.88917089e-02   4.92320689e-12]


[ -5.66517134e-06   6.89504457e-02  -5.88917089e-02   4.92320689e-12]


[ -5.60517583e-06   6.82202459e-02  -5.83223544e-02   3.12079685e-12]


[ -5.59322503e-06   6.80747937e-02  -5.82097552e-02   2.46905744e-12]


[ -5.59322503e-06   6.80747937e-02  -5.82097552e-02   2.46905744e-12]


[ -5.55751175e-06   6.76401302e-02  -5.78729324e-02   2.20364232e-13]


[ -5.55751175e-06   6.76401302e-02  -5.78729324e-02   2.20364232e-13]


[ -5.49854412e-06   6.69224390e-02  -5.73168178e-02   3.98530569e-12]


[ -5.46343136e-06   6.64950835e-02  -5.69836703e-02   4.40171696e-12]


[ -5.44011865e-06   6.62113457e-02  -5.67631253e-02   1.06797671e-12]


[ -5.44011865e-06   6.62113457e-02  -5.67631253e-02   1.06797671e-12]


[ -5.39384703e-06   6.56481756e-02  -5.63298536e-02  -1.30181515e-12]


[ -5.39384703e-06   6.56481756e-02  -5.63298536e-02  -1.30181515e-12]


[ -5.34809717e-06   6.50913555e-02  -5.59010953e-02  -2.89030366e-12]


[ -5.34809717e-06   6.50913555e-02  -5.59010953e-02  -2.89030366e-12]


[ -5.30286655e-06   6.45408546e-02  -5.54766106e-02  -2.72590843e-13]


[ -5.30286655e-06   6.45408546e-02  -5.54766106e-02  -2.72590843e-13]


[ -5.25808647e-06   6.39958368e-02  -5.50546402e-02   9.56481816e-13]


[ -5.25808647e-06   6.39958368e-02  -5.50546402e-02   9.56481816e-13]


[ -5.21370169e-06   6.34556299e-02  -5.46352616e-02   1.49360330e-12]


[ -5.21370169e-06   6.34556299e-02  -5.46352616e-02   1.49360330e-12]


[ -5.21370169e-06   6.34556299e-02  -5.46352616e-02   1.49360330e-12]


[ -5.16968326e-06   6.29198816e-02  -5.42179810e-02   3.14725153e-12]


[ -5.16968326e-06   6.29198816e-02  -5.42179810e-02   3.14725153e-12]


[ -5.12594171e-06   6.23875028e-02  -5.37978335e-02   5.39999236e-12]


[ -5.12594171e-06   6.23875028e-02  -5.37978335e-02   5.39999236e-12]


[ -5.07148267e-06   6.17246812e-02  -5.32747266e-02   4.06754290e-12]


[ -5.07148267e-06   6.17246812e-02  -5.32747266e-02   4.06754290e-12]


[ -5.01743038e-06   6.10668097e-02  -5.27583094e-02   4.10363506e-13]


[ -5.00668533e-06   6.09360314e-02  -5.26563093e-02   6.33119944e-14]


[ -5.00668533e-06   6.09360314e-02  -5.26563093e-02   6.33119944e-14]


[ -4.97460545e-06   6.05455864e-02  -5.23511885e-02  -1.26127915e-12]


[ -4.97460545e-06   6.05455864e-02  -5.23511885e-02  -1.26127915e-12]


[ -4.92170215e-06   5.99016987e-02  -5.18474082e-02   2.82869304e-12]


[ -4.92170215e-06   5.99016987e-02  -5.18474082e-02   2.82869304e-12]


[ -4.86927507e-06   5.92636070e-02  -5.13426184e-02   1.81575184e-12]


[ -4.85883686e-06   5.91365631e-02  -5.12428659e-02   1.31566025e-12]


[ -4.85883686e-06   5.91365631e-02  -5.12428659e-02   1.31566025e-12]


[ -4.82767714e-06   5.87573171e-02  -5.09480158e-02  -4.55474619e-12]


[ -4.82767714e-06   5.87573171e-02  -5.09480158e-02  -4.55474619e-12]


[ -4.78661175e-06   5.82575085e-02  -5.05595687e-02   5.57210861e-13]


[ -4.78661175e-06   5.82575085e-02  -5.05595687e-02   5.57210861e-13]


[ -4.73591345e-06   5.76404574e-02  -5.00780184e-02  -4.05961689e-13]


[ -4.73591345e-06   5.76404574e-02  -5.00780184e-02  -4.05961689e-13]


[ -4.68583583e-06   5.70309604e-02  -4.95991200e-02   9.04960386e-13]


[ -4.67588197e-06   5.69098116e-02  -4.95042367e-02   7.68675829e-13]


[ -4.67588197e-06   5.69098116e-02  -4.95042367e-02   7.68675829e-13]


[ -4.63628793e-06   5.64279106e-02  -4.91249966e-02   2.04056718e-12]


[ -4.63628793e-06   5.64279106e-02  -4.91249966e-02   2.04056718e-12]


[ -4.59699576e-06   5.59496838e-02  -4.87454315e-02   3.65594190e-12]


[ -4.59699576e-06   5.59496838e-02  -4.87454315e-02   3.65594190e-12]


[ -4.55794061e-06   5.54743417e-02  -4.83701342e-02   9.53941322e-13]


[ -4.55794061e-06   5.54743417e-02  -4.83701342e-02   9.53941322e-13]


[ -4.51924719e-06   5.50034022e-02  -4.79998707e-02   1.65899864e-12]


[ -4.51924719e-06   5.50034022e-02  -4.79998707e-02   1.65899864e-12]


[ -4.48092125e-06   5.45369353e-02  -4.76319102e-02   2.07594676e-12]


[ -4.48092125e-06   5.45369353e-02  -4.76319102e-02   2.07594676e-12]


[ -4.44293060e-06   5.40745492e-02  -4.72662850e-02   2.23041739e-12]


[ -4.44293060e-06   5.40745492e-02  -4.72662850e-02   2.23041739e-12]


[ -4.39588625e-06   5.35019703e-02  -4.68129108e-02   1.15303703e-12]


[ -4.39588625e-06   5.35019703e-02  -4.68129108e-02   1.15303703e-12]


[ -4.35862227e-06   5.30484285e-02  -4.64563356e-02  -3.01093119e-12]


[ -4.34016337e-06   5.28237643e-02  -4.62807972e-02  -1.77969595e-12]


[ -4.34016337e-06   5.28237643e-02  -4.62807972e-02  -1.77969595e-12]


[ -4.31271276e-06   5.24896617e-02  -4.60207960e-02  -3.05079962e-12]


[ -4.31271276e-06   5.24896617e-02  -4.60207960e-02  -3.05079962e-12]


[ -4.27654151e-06   5.20494198e-02  -4.56744009e-02   2.01022238e-12]


[ -4.27654151e-06   5.20494198e-02  -4.56744009e-02   2.01022238e-12]


[ -4.23171933e-06   5.15038871e-02  -4.52383605e-02   2.79303977e-12]


[ -4.23171933e-06   5.15038871e-02  -4.52383605e-02   2.79303977e-12]


[ -4.19607455e-06   5.10700529e-02  -4.48910886e-02   2.70630938e-12]


[ -4.17832836e-06   5.08540633e-02  -4.47176302e-02   2.99964519e-12]


[ -4.17832836e-06   5.08540633e-02  -4.47176302e-02   2.99964519e-12]


[ -4.15181861e-06   5.05314120e-02  -4.44613094e-02   4.90490447e-13]


[ -4.15181861e-06   5.05314120e-02  -4.44613094e-02   4.90490447e-13]


[ -4.10804200e-06   4.99986052e-02  -4.40360353e-02   2.02205774e-12]


[  1.99999589e+00   4.99986052e-02  -4.40360353e-02   2.02205774e-12]


[  1.99999593e+00   4.95758014e-02  -4.36970441e-02   1.10246905e-12]


[  1.99993811e+00   4.93656410e-02  -4.35283352e-02  -3.41355173e-05]


[  1.99993811e+00   4.93656410e-02  -4.35283352e-02  -3.41355173e-05]


[  1.99827543e+00   4.89482085e-02  -4.30874767e-02  -3.36279921e-05]


[  1.99827543e+00   4.89482085e-02  -4.30874767e-02  -3.36279921e-05]


[  1.99440698e+00   4.85347149e-02  -4.25242995e-02  -2.60907237e-05]


[  1.99440698e+00   4.85347149e-02  -4.25242995e-02  -2.60907237e-05]


[  1.98879126e+00   4.81247224e-02  -4.19230656e-02  -2.06301774e-05]


[  1.98715123e+00   4.80228537e-02  -4.17710614e-02  -1.97513889e-05]


[  1.98715123e+00   4.80228537e-02  -4.17710614e-02  -1.97513889e-05]


[  1.98171407e+00   4.77183474e-02  -4.13161715e-02  -1.76374135e-05]


[  1.98171407e+00   4.77183474e-02  -4.13161715e-02  -1.76374135e-05]


[  1.97107498e+00   4.72146502e-02  -4.05787674e-02  -1.48483187e-05]


[  1.97107498e+00   4.72146502e-02  -4.05787674e-02  -1.48483187e-05]


[  1.95865845e+00   4.67157486e-02  -3.98828018e-02  -1.14159462e-05]


[  1.95598184e+00   4.66167678e-02  -3.97504235e-02  -1.08996526e-05]


[  1.95598184e+00   4.66167678e-02  -3.97504235e-02  -1.08996526e-05]


[  1.94467609e+00   4.62237367e-02  -3.92382308e-02  -8.78514603e-06]


[  1.94467609e+00   4.62237367e-02  -3.92382308e-02  -8.78514603e-06]


[  1.93246183e+00   4.58350586e-02  -3.87518532e-02  -8.01456643e-06]


[  1.93246183e+00   4.58350586e-02  -3.87518532e-02  -8.01456643e-06]


[  1.91937632e+00   4.54494215e-02  -3.82898998e-02  -6.61526417e-06]


[  1.91937632e+00   4.54494215e-02  -3.82898998e-02  -6.61526417e-06]


[  1.90548380e+00   4.50666810e-02  -3.78542900e-02  -4.62114153e-06]


[  1.90548380e+00   4.50666810e-02  -3.78542900e-02  -4.62114153e-06]


[  1.89087531e+00   4.46875944e-02  -3.74459259e-02  -3.44998164e-06]


[  1.89087531e+00   4.46875944e-02  -3.74459259e-02  -3.44998164e-06]


[  1.87560710e+00   4.43119565e-02  -3.70599331e-02  -2.34625066e-06]


[  1.87560710e+00   4.43119565e-02  -3.70599331e-02  -2.34625066e-06]


[  1.85567166e+00   4.38467950e-02  -3.66092203e-02   1.26707858e-07]


[  1.85567166e+00   4.38467950e-02  -3.66092203e-02   1.26707858e-07]


[  1.83915034e+00   4.34790216e-02  -3.62759526e-02   2.49365915e-06]


[  1.83495421e+00   4.33878291e-02  -3.61965149e-02   2.57090311e-06]


[  1.83495421e+00   4.33878291e-02  -3.61965149e-02   2.57090311e-06]


[  1.81792117e+00   4.30257950e-02  -3.58872344e-02   2.17508383e-06]


[  1.81792117e+00   4.30257950e-02  -3.58872344e-02   2.17508383e-06]


[  1.80047072e+00   4.26667659e-02  -3.55889071e-02   2.08845604e-06]


[  1.80047072e+00   4.26667659e-02  -3.55889071e-02   2.08845604e-06]


[  1.78260254e+00   4.23096097e-02  -3.53021255e-02   2.68898933e-06]


[  1.78260254e+00   4.23096097e-02  -3.53021255e-02   2.68898933e-06]


[  1.76437676e+00   4.19546056e-02  -3.50278772e-02   3.96087938e-06]


[  1.76437676e+00   4.19546056e-02  -3.50278772e-02   3.96087938e-06]


[  1.74122302e+00   4.15151870e-02  -3.47025921e-02   4.71908177e-06]


[  1.74122302e+00   4.15151870e-02  -3.47025921e-02   4.71908177e-06]


[  1.72244764e+00   4.11670218e-02  -3.44528299e-02   5.31551359e-06]


[  1.71299018e+00   4.09940755e-02  -3.43314615e-02   5.04153487e-06]


[  1.71299018e+00   4.09940755e-02  -3.43314615e-02   5.04153487e-06]


[  1.69872808e+00   4.07360428e-02  -3.41532462e-02   5.80700785e-06]


[  1.69872808e+00   4.07360428e-02  -3.41532462e-02   5.80700785e-06]


[  1.67478236e+00   4.03094930e-02  -3.38621061e-02   4.99551342e-06]


[  1.67478236e+00   4.03094930e-02  -3.38621061e-02   4.99551342e-06]


[  1.65543732e+00   3.99701618e-02  -3.36342740e-02   5.71725300e-06]


[  1.65058425e+00   3.98856874e-02  -3.35781308e-02   5.41847268e-06]


[  1.63598553e+00   3.96330115e-02  -3.34107338e-02   5.38788469e-06]


[  1.63598553e+00   3.96330115e-02  -3.34107338e-02   5.38788469e-06]


[  1.63598553e+00   3.96330115e-02  -3.34107338e-02   5.38788469e-06]


[  1.61644548e+00   3.92978666e-02  -3.31917641e-02   5.93240704e-06]


[  1.61644548e+00   3.92978666e-02  -3.31917641e-02   5.93240704e-06]


[  1.59196592e+00   3.88822673e-02  -3.29214379e-02   5.13838360e-06]


[  1.59196592e+00   3.88822673e-02  -3.29214379e-02   5.13838360e-06]


[  1.56741707e+00   3.84694656e-02  -3.26556251e-02   6.02706170e-06]


[  1.56250961e+00   3.83873563e-02  -3.26033143e-02   6.13603544e-06]


[  1.54782188e+00   3.81423365e-02  -3.24488091e-02   7.86457020e-06]


[  1.54782188e+00   3.81423365e-02  -3.24488091e-02   7.86457020e-06]


[  1.52838648e+00   3.78196231e-02  -3.22460021e-02   7.00926591e-06]


[  1.52838648e+00   3.78196231e-02  -3.22460021e-02   7.00926591e-06]


[  1.50909464e+00   3.75007194e-02  -3.20426695e-02   5.97432903e-06]


[  1.50909464e+00   3.75007194e-02  -3.20426695e-02   5.97432903e-06]


[  1.48989679e+00   3.71844851e-02  -3.18406711e-02   5.73779893e-06]


[  1.48033626e+00   3.70273302e-02  -3.17400836e-02   5.25398098e-06]


[  1.47080048e+00   3.68707579e-02  -3.16398461e-02   5.54515154e-06]


[  1.47080048e+00   3.68707579e-02  -3.16398461e-02   5.54515154e-06]


[  1.45655856e+00   3.66371743e-02  -3.14906409e-02   5.52727292e-06]


[  1.45655856e+00   3.66371743e-02  -3.14906409e-02   5.52727292e-06]


[  1.43769470e+00   3.63281181e-02  -3.12912810e-02   4.71940952e-06]


[  1.43769470e+00   3.63281181e-02  -3.12912810e-02   4.71940952e-06]


[  1.41894226e+00   3.60210637e-02  -3.10917869e-02   4.45934610e-06]


[  1.41894226e+00   3.60210637e-02  -3.10917869e-02   4.45934610e-06]


[  1.39567075e+00   3.56399521e-02  -3.08436489e-02   4.67820792e-06]


[  1.38642739e+00   3.54884813e-02  -3.07449267e-02   4.71548748e-06]


[  1.38642739e+00   3.54884813e-02  -3.07449267e-02   4.71548748e-06]


[  1.36810778e+00   3.51879955e-02  -3.05504327e-02   5.71746796e-06]


[  1.36810778e+00   3.51879955e-02  -3.05504327e-02   5.71746796e-06]


[  1.35004640e+00   3.48912323e-02  -3.03545589e-02   4.63563706e-06]


[  1.34556462e+00   3.48174949e-02  -3.03056736e-02   4.47777204e-06]


[  1.33219494e+00   3.45972555e-02  -3.01585999e-02   4.18557118e-06]


[  1.33219494e+00   3.45972555e-02  -3.01585999e-02   4.18557118e-06]


[  1.31893979e+00   3.43784506e-02  -3.00120557e-02   3.81141640e-06]


[  1.31893979e+00   3.43784506e-02  -3.00120557e-02   3.81141640e-06]


[  1.30144392e+00   3.40888467e-02  -2.98164642e-02   3.25823555e-06]


[  1.28412696e+00   3.38011847e-02  -2.96205344e-02   2.96541612e-06]


[  1.28412696e+00   3.38011847e-02  -2.96205344e-02   2.96541612e-06]


[  1.27125631e+00   3.35866467e-02  -2.94752139e-02   3.79641758e-06]


[  1.27125631e+00   3.35866467e-02  -2.94752139e-02   3.79641758e-06]


[  1.25430580e+00   3.33030334e-02  -2.92815643e-02   3.09687891e-06]


[  1.25430580e+00   3.33030334e-02  -2.92815643e-02   3.09687891e-06]


[  1.23757097e+00   3.30217216e-02  -2.90872812e-02   2.56180009e-06]


[  1.23341735e+00   3.29516843e-02  -2.90385383e-02   2.34330508e-06]


[  1.22101681e+00   3.27420544e-02  -2.88924105e-02   2.38164110e-06]


[  1.22101681e+00   3.27420544e-02  -2.88924105e-02   2.38164110e-06]


[  1.20872185e+00   3.25333802e-02  -2.87473509e-02   2.30101909e-06]


[  1.20872185e+00   3.25333802e-02  -2.87473509e-02   2.30101909e-06]


[  1.20872185e+00   3.25333802e-02  -2.87473509e-02   2.30101909e-06]


[  1.18448192e+00   3.21193623e-02  -2.84568965e-02   1.76462394e-06]


[  1.18448192e+00   3.21193623e-02  -2.84568965e-02   1.76462394e-06]


[  1.16457074e+00   3.17764912e-02  -2.82135405e-02   1.95044093e-06]


[  1.16062075e+00   3.17081556e-02  -2.81655814e-02   2.10296417e-06]


[  1.16062075e+00   3.17081556e-02  -2.81655814e-02   2.10296417e-06]


[  1.14497246e+00   3.14363428e-02  -2.79742271e-02   2.43473548e-06]


[  1.14497246e+00   3.14363428e-02  -2.79742271e-02   2.43473548e-06]


[  1.12958845e+00   3.11673301e-02  -2.77826757e-02   1.49189133e-06]


[  1.12958845e+00   3.11673301e-02  -2.77826757e-02   1.49189133e-06]


[  1.11068981e+00   3.08342741e-02  -2.75442786e-02   1.61325243e-06]


[  1.11068981e+00   3.08342741e-02  -2.75442786e-02   1.61325243e-06]


[  1.09584913e+00   3.05706113e-02  -2.73560730e-02   2.49645983e-06]


[  1.08854206e+00   3.04400666e-02  -2.72625588e-02   1.72676016e-06]


[  1.08854206e+00   3.04400666e-02  -2.72625588e-02   1.72676016e-06]


[  1.07414533e+00   3.01813893e-02  -2.70759511e-02   1.59748733e-06]


[  1.07414533e+00   3.01813893e-02  -2.70759511e-02   1.59748733e-06]


[  1.06001866e+00   2.99255835e-02  -2.68890766e-02   1.05147765e-06]


[  1.06001866e+00   2.99255835e-02  -2.68890766e-02   1.05147765e-06]


[  1.04612580e+00   2.96720143e-02  -2.67031483e-02   8.42076134e-07]


[  1.04612580e+00   2.96720143e-02  -2.67031483e-02   8.42076134e-07]


[  1.03245737e+00   2.94205266e-02  -2.65183129e-02   6.91894404e-07]


[  1.03245737e+00   2.94205266e-02  -2.65183129e-02   6.91894404e-07]


[  1.01900868e+00   2.91710518e-02  -2.63346074e-02   5.73133622e-07]


[  1.01900868e+00   2.91710518e-02  -2.63346074e-02   5.73133622e-07]


[  1.00577715e+00   2.89235609e-02  -2.61517789e-02   2.69489443e-07]


