('Waiting for service', 'enable_motors')
1.10743429946
0.0150716861102
Enable motors successful

cambioooooooooo
0.0
--:tiempo 1
El error cuadratico medio se calculo: 
0
0.0150174316628
0.014962177377
0.0149059232463
0.0148486692665
0.0147904154354
0.0147311617522
0.0146709082172
0.014609654832
0.014547401599
0.0144841485213
0.0144198956026
0.0143546428471
0.0142883902593
0.0142211378444
0.0141528856074
0.0140156647482
0.0138271234602
0.0137350288339
0.013718733052
0.0136047083736
0.0134154466639
0.0132346187987
0.0130618219424
0.0129647099091
0.0129272766364
0.0128153917089
0.0126463816436
0.0125501470909
0.0125113191664
0.0124011571275
0.0122362841211
0.0121418442532
0.0121029721619
0.0119951667202
0.0118345008477
0.0117420316545
0.011703372188
0.0115980447538
0.0114416009554
0.0113511564231
0.0113127934652
0.0112099788149
0.0110577533018
0.0109693731848
0.0109313800661
0.0108310993016
0.0106830722655
0.0105967821506
0.0105592196302
0.0105148462293
0.0104654463876
0.0103585180543
0.0102076100944
0.0100633535414
0.00992543026018
0.00984548534618
0.00981128739381
0.00972041484266
0.00958608919785
0.00950727471451
0.00947227667534
0.00938320481989
0.0092526908581
0.00917575504041
0.00914111473861
0.00905434049375
0.00892761606636
0.00885263135981
cambioooooooooo
551.853
--:tiempo 2
El error cuadratico medio se calculo: 
0.101906538972
0.00881849433649
0.00873405209398
0.0086110646952
0.00853802176171
0.00850441231778
0.00842226801774
0.00830177028982
0.00822471296592
0.00818422339533
0.00814880737533
0.00811234493079
0.008028912122
0.00791367988545
0.00784587913027
0.00781511211346
0.00775102494943
0.00766113897138
0.00757480212669
0.00751856757541
0.00744368937346
0.00733637151606
0.00723234350021
0.00713130391906
0.00706894489019
0.0070369239549
0.00696467874427
0.00686136695357
0.00679519250957
0.0067584209199
0.00668401710232
0.00658064531785
0.00651374519693
0.00647593169501
0.00640238443385
0.00630143533743
0.00623641606656
0.00620017828778
0.00612991783001
0.00603368219791
0.00598033609234
0.00596120459084
0.005900576802
0.00580817328619
0.00575026322429
0.00572005136359
0.00567354176805
0.00561496889169
0.00554424355784
0.00546496499604
0.00541190083146
0.00538004195103
0.00532766235473
0.0052601506989
0.00522446726603
0.00521416865399
0.00517624260556
0.00511763902116
0.00508933120486
0.00508511405647
0.00505480944946
0.00500503765645
0.0049839585466
0.00498562832763
0.00496265874508
0.00492132838575
0.00490693961498
0.00491386089858
0.0048976376014
0.00486416473311
0.0048345692386
0.00482964473869
0.00482098787541
0.0047961219792
0.00479427830932
0.00481062168507
0.00480696890544
0.00478831568165
0.00479070393719
0.00480972950272
0.00481037615095
0.00479715708296
0.00480312286592
0.00482429878454
0.00482855207185
0.0048199367234
0.00482870101218
0.00485130935571
0.00485842164643
0.00485363145884
0.00486449600674
0.00488791692901
0.00489721931614
0.0048955443094
0.0049078963309
0.00493160395527
0.00494250887131
0.00494331449637
0.00495662598959
0.0049801824435
0.0049921818053
0.00499490922634
0.00500873152721
0.00503177781994
0.00504443749454
0.00504860007563
0.0050625564138
0.00508480272907
0.00509775577512
0.00510293391065
0.00511671149901
0.00513792762467
0.00515086686362
0.00515670162385
0.00517196673703
0.00519568656309
0.00521037837528
0.00521703721572
0.00522830043958
0.00524366071748
0.00525390784365
0.00525953104591
0.0052707798783
0.00528745277693
0.00529855994625
0.00530436523206
0.00531640776563
0.00533471299424
0.00534719823114
0.00535380423303
0.00535908965634
0.00536800634344
0.0053779474164
0.00538620807196
0.00539210761819
0.00539531216783
0.0054015876321
0.00541162500207
0.00541873997707
0.0054223438609
0.0054245895808
0.00542541437504
0.00542879960981
0.00543582081158
0.00544449455746
0.00545483620517
0.00546310066912
0.00546805117585
0.00547099448102
0.00547503651477
0.00547814321527
0.00547857592669
0.00548031344534
0.00548449722442
0.00548831829536
0.0054908594124
0.00549178469393
0.00549068702099
0.00548967391268
0.00548995717749
0.00548964173857
0.00548775714203
0.00548654729949
0.00548743278863
0.00548824648073
0.00548749290458
0.0054869165054
0.00548794799778
0.00548890172978
0.00548824382601
0.0054877513176
0.00548935487078
0.00549140647889
0.00549183534757
0.00549179789038
0.00549325978536
0.0054954823583
0.00549676780068
0.00549590444935
0.00549239248138
0.00548764998362
0.00548373504625
0.00548037883024
0.00547584983084
0.00547026780562
0.00546540619062
0.00546126892928
0.00545606924518
0.00544964651545
0.00544381839731
0.00543885274337
0.00543292396438
0.00542474780316
0.00541435954932
0.00540317764804
0.00539388602182
0.00538784871719
0.00538436107174
0.00538212992897
0.0053797255638
0.0053759002347
0.00536966148601
0.00536103908423
0.00535176314822
0.00534273507815
0.0053326560256
0.00532098841255
0.00530976644287
0.00530010932053
0.00529004721876
0.00527836076175
0.00526698834877
0.00525717180737
0.00524694018354
0.00523497032789
0.00522321500514
0.00521302789858
0.00520243928446
0.00519003702734
0.00517778234565
0.00516712236922
0.00515608849978
0.00514327413944
0.00513112437982
0.00512144456264
0.00511168425356
0.00509975180185
0.00508755014883
0.00507684465457
0.00506667399372
0.00505581594759
0.00504319951326
0.00502833366985
0.00501293027901
0.00499836131152
0.00498326484488
0.00496653307897
0.00495017493304
0.00493584085332
0.00492154343754
0.0049056093048
0.00489040903205
0.00487793836547
0.00486567446309
0.00485135629023
0.00483682453387
0.00482389548808
0.00481161834576
0.00479880140925
0.00478439911149
0.00476785982819
0.00475083088875
0.00473469924843
0.00471814655609
0.00470003863322
0.00468230090769
0.00466657290134
0.00465094748184
0.00463377359122
0.00461731227226
0.0046035020179
0.00458993759288
0.00457440072301
0.00455820223597
0.00454266299764
0.00452654001551
0.00450879089954
0.00449128696027
0.00447558885316
0.00445988543705
0.0044426047971
0.00442550071607
0.00441009007087
0.00439459924574
0.00437730123706
0.00435823771352
0.00433801945514
0.00431907786862
0.00430309392346
0.00428773612658
0.00427111297752
0.0042556247173
0.0042431719823
0.00423105538927
0.00421682934728
0.00420125313152
0.00418522255021
0.00416814027905
0.00414976192449
0.00413227303914
0.00411715977609
0.0041022791736
0.00408591663763
0.00406960944941
0.00405471687668
0.00404043342269
0.00402571994475
0.00400970100019
0.00399218416379
0.00397490945657
0.0039589772788
0.00394284585143
0.00392546995318
0.00390837676856
0.00389256977986
0.00387653790711
0.003859314169
0.00384239228959
0.00382669391549
0.00381074376948
0.00379376207483
0.0037775571869
0.00376309336969
0.00374850652225
0.00373263872535
0.00371686945801
0.00370207961804
0.00368724542472
0.00367133624177
0.00365400850427
0.00363571476417
0.00361804039195
0.0036015883669
0.00358498161509
0.00356762380391
0.0035508324485
0.00353510984979
0.00351912336305
0.00350251479331
0.00348688466845
0.0034726781177
0.00345823001129
0.003442859154
0.00342778275814
0.00341333993791
0.00339832371857
0.00338186941248
0.00336403829129
0.00334574224541
0.0033284280091
0.00331224716431
0.00329595023799
0.0032793324471
0.00326353474146
0.00324861638517
0.00323338532103
0.00321775290748
0.0032028425721
0.00318862852177
0.00317397400748
0.00315909454959
0.00314535332646
0.00313253146134
0.0031192164518
0.00310555148222
0.00309282160417
0.003080891323
0.00306868722793
0.00305537690507
0.00304067341131
0.00302530557036
0.00301024491008
0.00299527551545
0.0029797095158
0.00296412596536
0.0029495448535
0.00293545727143
0.00292087542184
0.00290651633473
0.00289354063954
0.00288113592615
0.00286808618973
0.00285511844985
0.00284332097562
0.00283200507935
0.00282025696826
0.00280749626633
0.00279347516836
0.00277910510032
0.00276521750699
0.00275122598382
0.0027365552249
0.00272217953154
0.00270895965884
0.00269590659375
0.00268219321624
0.00266878488805
0.00265646278549
0.002644145573
0.00263105341993
0.00261855326086
0.00260758297286
0.00259660474328
0.00258465987341
0.00257322492616
0.00256316696573
0.00255312006297
0.00254237167053
0.00253065802162
0.00251778524836
0.00250490242216
0.00249268167218
0.00248008377422
0.00246667089155
0.00245423259767
0.00244360159026
0.00243275709224
0.00242087226058
0.00240822078357
0.00239644757682
0.00238494316389
0.00237281447298
0.00236013173889
0.00234669643608
0.00233374712034
0.00232181724642
0.00230956557735
0.00229659985802
0.00228464284325
0.002274235898
0.00226343787948
0.00225170860716
0.00224093096211
0.002231587933
0.00222165333863
0.00221063925466
0.00220055175042
0.00219185502938
0.00218242181811
0.00217180891076
0.00216253160977
0.00215513754829
0.00214678767766
0.00213694524457
0.00212840219424
0.0021216445554
0.00211410435871
0.00210540187745
0.00209581261939
0.0020852285592
0.00207563742422
0.00206753108229
0.00205840274106
0.00204793209902
0.00203863871077
0.00203086613677
0.00202201466915
0.00201178844208
0.00200279505988
0.0019953506126
0.00198675701413
0.00197674776388
0.00196802827739
0.00196088789069
0.00195253177681
0.00194272184327
0.00193425932994
0.001927407181
0.00191927523873
0.00190965303627
0.00190143588991
0.00189486080877
0.00188694382167
0.00187750138715
0.00186952113541
0.00186321461457
0.00185550565729
0.00184623701776
0.00183848693565
0.00183244198961
0.00182709699717
0.00182029073273
0.0018137633649
0.00180888153982
0.00180228959376
0.00179390209573
0.00178752794278
0.00178335322784
0.00177713231429
0.00176876417563
0.00176196252702
0.00175682887377
0.00175094851291
0.00174432880832
0.00173656653676
0.00172762441288
0.00171985164464
0.00171337354781
0.00170730585666
0.00169990922867
0.0016927221781
0.00168689345443
0.00167965108381
0.00167101685032
0.00166427602888
0.0016594926405
0.00165294392989
0.00164463905476
0.00163827501985
0.00163386822434
0.00162983424826
0.00162619480231
0.00162113325768
0.00161462204324
0.00160727979691
0.00159913336239
0.00159236993899
0.00158704984575
0.00158212788105
0.00157743066916
0.00157294457408
0.00156687249093
0.00156154520195
0.00155819178642
0.00155271003182
0.0015452249775
0.00153804577433
0.0015311659291
0.00152596717546
0.0015224667328
0.00151691199447
0.00150941532954
0.00150528014943
0.00150436990154
0.00150031608252
0.00149331467649
0.00148605159396
0.00147850234178
0.00147075379061
0.00146529348653
0.0014593935595
0.00145158995636
0.00144678217865
0.00144479890673
0.00144019259544
0.00143316430092
0.00142904937762
0.00142763800977
0.00142405007665
0.00141848643409
0.00141220071944
0.00140522482768
0.00139993989804
0.00139627138467
0.00139088922236
0.00138398210151
0.00137949030401
0.00137723962189
0.0013727278483
0.00136618812247
0.00136206176679
0.0013601449511
0.00135715928331
0.00135324512628
0.00134932938784
0.00134540608442
0.0013402017345
0.00133386326269
0.00132996175827
0.00132830391226
0.00132424464374
0.00131806871502
0.00131436964165
0.0013129063816
0.00130900783346
0.00130297175962
0.00129942733899
0.00129812211896
0.00129434313366
0.00128840297976
0.00128240087671
0.00128084241141
0.00128334214709
0.00128657150075
0.0012860216513
0.00128207606112
0.00127727786899
0.00127168205362
0.00126853041216
0.00126759162954
0.0012669395125
0.00126362305706
0.00126063599399
0.00125989397436
0.00125909207276
0.00125829614231
0.00125471913556
0.00124872036535
0.00124527433064
0.00124407127614
0.0012407709285
0.0012357024812
0.00123064391803
0.0012248462929
0.00122113879297
0.00121980216268
0.00121781264168
0.00121531266609
0.00121147475429
0.00120648009166
0.00120077899753
0.00119448047915
0.00119087797845
0.00118967131245
0.00118583172993
0.00117976031141
0.00117706693318
0.00117732371323
0.00117427183565
0.00116840633101
0.00116388528488
0.00116051537482
0.00115583068089
0.00115006070689
0.0011476891028
0.00114829926078
0.00114759875597
0.00114581511933
0.00114270031567
0.00113843429716
0.00113346820968
0.00112791513659
0.00112438799628
0.00112264351859
0.00112157560089
0.00112114799136
0.00111805436071
0.00111269315895
0.00111001013113
0.0011096315551
0.00110721207643
0.00110309639834
0.0010983238599
0.00109299376206
0.00109036257864
0.00109008546709
0.00108714839622
0.00108198652966
0.00108019268177
0.00108129375796
0.00107904292988
0.00107398044471
0.0010709391621
0.00106961413711
0.00106627624652
0.00106127332333
0.00105963175006
0.00106088007413
0.00105875931275
0.00105382135957
0.00104892832613
0.00104406321604
0.00103925673833
0.00103848945131
0.00103681475827
0.0010318133259
0.00102693729369
0.00102215339603
0.00101748090456
0.00101554303805
0.00101598096257
0.0010151518768
0.00101377216242
0.00101300553821
0.00101029019272
0.00100594880032
0.00100166473555
0.0009993828111
0.000998615501558
0.000997893179169
0.000997396522227
0.000996867015825
0.000996328017516
0.000993793791538
0.000991546534988
0.000990981772634
0.000988386698914
0.000984124943117
0.000981865688194
0.000981306283857
0.000978748589367
0.000974552905162
0.000973028897973
0.000973772350832
0.000972500888023
0.000969575381477
0.00096797227704
0.000967488105265
0.00096501187601
0.000960897804359
0.000959440092149
0.000960230474741
0.000960932977741
0.00096160451923
0.000959579581194
0.000955310916957
0.000953678087916
0.000954259232426
0.00095211456382
0.000947736427821
0.000946007315471
0.000946504601338
0.000944951529885
0.000941727787816
0.000937889356067
0.000933546895924
0.000931855300755
0.00093241749387
0.000930335023561
0.000926085108607
0.000924482006782
0.000925102949914
0.000923093306728
0.000918928577177
0.000917397066747
0.000918075479574
0.000918956595096
0.000917198766411
0.00091579716417
0.000916582999186
0.000914686780252
0.000910596686003
0.000909115481426
0.00090981673901
0.00090784065568
0.000903679268866
0.000902766722414
0.000904574687367
0.000903042607116
0.000898774645923
0.000894583284083
0.00089045486641
0.000888934351375
0.000889628050084
0.000887718810978
0.000883684157849
0.000882254076962
0.00088300388806
0.000881166612065
0.000877217190324
0.000876475508488
0.000878417299461
0.000877095247526
0.000873100463738
0.000869190684343
0.000868449457339
0.000866928580592
0.000862754412774
0.000861154135225
0.000861701060014
0.000860314917674
0.000857362441645
0.000853855405696
0.000849898864359
0.000848478059952
0.000849197235012
0.000847403278709
0.000843561360688
0.000842239487028
0.000843021668726
0.000841301967335
0.000837543936791
0.000836287038184
0.000837116260627
0.000835441601473
0.000831728218141
0.000830501195118
0.00083134662213
0.000829692430549
0.000826004003557
0.000824789516878
0.000825636182304
0.000823990815247
0.000820318321697
0.000819108388302
0.00081994932798
0.000818307821687
0.000814647783532
0.000813439291089
0.000814271827646
0.000812632610592
0.000808984311644
0.000807776535474
0.000808599992601
0.000806963133602
0.000803327196224
0.000802120555088
0.000802935242268
0.000801301493548
0.000797678964608
0.000797055190978
0.000798927209528
0.00079772724761
0.000794023435148
0.000790406167354
0.000786861561207
0.00078340563928
0.00078236414069
0.000780787011635
0.000777275041586
0.000776176960202
0.000777092595465
0.00077565390069
0.000772300048629
0.000771312663664
0.000772294119094
0.000773181898966
0.00077402375186
0.000773061516584
0.000770620069884
0.000767630891231
0.000764199663094
0.000763103341664
0.000763963820219
0.000762453226219
0.000759019734122
0.000757915063862
0.000758744823477
0.00075972330805
0.000758356150398
0.00075729662753
0.000758153665795
0.00075912416508
0.000757725366936
0.000756628202263
0.000757435728909
0.000755844026736
0.000752309973019
0.00074884033602
0.000748227621575
0.000750005842979
0.000748814198057
0.00074520947093
0.000741693292609
0.000738252979916
0.000737109411643
0.000737896712596
0.000738582252092
0.000739216356246
0.00073755207794
0.000734007914296
0.000732727380271
0.000730894969511
0.000727200174483
0.000725777915398
0.000726243855954
0.000724447287578
0.000720821449059
0.000717302162522
0.000713879884477
0.000712702141232
0.000713412268559
0.000711912970528
0.000708622637958
0.000708078919331
0.000709816800257
0.000708781417603
0.000705489525571
0.000704915352889
0.000706588956101
0.000705477059848
0.000702102497331
0.000698811874364
0.000695592906082
0.000695583721766
0.000698262340923
0.000697621404175
0.000694274053898
0.000692564753112
0.000692201754889
0.000690226377927
0.000686955842432
0.0006858355272
0.000686503088716
0.000685011572644
0.000681773304788
0.000678629960104
0.000675572514286
0.000675153596665
0.000676947072832
0.000676068203382
0.000673014338504
0.000673073174799
0.000675709048612
0.000675124390775
0.000671915959531
0.000670292355026
0.000669969345466
0.000668065379894
0.000664892539873
0.000664305633966
0.000665866283889
0.000664770558248
0.000661519313375
0.000658354110672
0.000655262874989
0.000655219703277
0.000657726922159
0.000657086904164
0.000653882919864
0.00065076848618
0.000647725841318
0.000646721364084
0.000647426252174
0.000646090242888
0.000643102612479
0.000642631748173
0.000644246964
0.000643299500387
0.000640270595175
0.000639736182873
0.000641261366934
0.000640701128178
0.000638452743496
0.00063575466036
0.000632692920606
0.000631146539172
0.000630869053685
0.000629103744763
0.000626144145492
0.000625650929286
0.000627206703888
0.000626256210626
0.000623270734142
0.000622724002575
0.000624190796735
0.000623625823377
0.000621416501292
0.000618771183812
0.000615773608952
0.000614724630117
0.000615302055433
0.000613913157295
0.000610936323064
0.000609899747677
0.000610469261925
0.000609096570109
0.000606155057199
0.000605139280992
0.00060571699412
0.000604362942129
0.000601448744504
0.000600902152571
0.000602314753956
0.000601303967101
0.000598328824249
0.000596795708664
0.000596450580855
0.000594689663168
0.00059179396733
0.000590788056177
0.000591350282115
0.000590019198603
0.000587159390133
0.000586172816048
0.000586735930949
0.000585423006587
0.000582595322533
0.000581626974796
0.000582196270646
0.000580899170124
0.000578095359542
0.000577577844115
0.000578951056933
0.000577982354468
0.000575116244451
0.000572329647786
0.000571362294218
0.000570834065921
0.000569533867803
0.000567376434982
0.00056452821545
0.000563062329476
0.000562749359585
0.000561110478985
0.000558408448266
0.000557080650528
0.000556895049782
0.00055539882321
0.000552850224579
0.000552085985161
0.000552802455857
0.000551748856554
0.000549263914851
0.000546863711804
0.000546217059244
0.00054683909261
0.000547416825904
0.000546662536273
0.000544824103428
0.000543438073727
0.000542430293725
0.000540575620535
0.000538047393325
0.000536842952532
0.000536740571835
0.000535765568106
0.000534096872757
0.000533287721262
0.000533196189691
0.000531830820287
0.000529439792049
0.000528759599437
0.000529496207276
0.000528512854617
0.000526140485478
0.000525468628005
0.000526200211749
0.000525215360371
0.000522845067314
0.000520548661915
0.000519935308745
0.000518925301578
0.000516542541382
0.000515855771443
0.00051657093557
0.000517191386179
0.000517754822959
0.000516636692667
0.000514150859567
0.000513328421538
0.000513875722858
0.000512723829498
0.000510204584284
0.000509344267467
0.000509851102789
0.000509071343832
0.000507260218025
0.000505088952214
0.000502632367977
0.000501429772804
0.000501273136509
0.000499897981415
0.00049754740452
0.000496837058641
0.000497484052853
0.000496497207116
0.0004941928809
0.000491969304227
0.000491358794536
0.000490376763097
0.000488091724388
0.000487429091165
0.000488106407601
0.000487175630706
0.000484948095462
0.000484316982653
0.000485001653895
0.000485776284093
0.000486464582257
0.000485780005819
0.000484099795178
0.000483203354934
0.000482954253269
0.000481499980987
0.0004790813473
0.000477864727708
0.000477641423846
0.000476235705186
0.000473885950565
0.000473109593111
0.000473632885045
0.000472579577824
0.000470258131151
0.000469866468966
0.000471064053062
0.000472351530425
0.000471656063908
0.000470456168131
0.00047022123296
0.000468809049735
0.000466456678774
0.000464167355731
0.00046194046771
0.000461633747039
0.00046292119546
0.000462236049469
0.000459958010867
0.0004595774439
0.00046075468751
0.000461075231355
0.000460712390162
0.000459571975274
0.000457803632554
0.000455692808786
0.000453315604209
0.000452098521816
0.000451845928004
0.000450460958685
0.000448173227731
0.00044775616069
0.000448882300468
0.000448103748301
0.000445788866706
0.000443552346262
0.000441384717373
0.000441059415551
0.000442263258806
0.000442988458607
0.000443338407743
0.000442911029734
0.000441853588735
0.000440858340661
0.000439138152912
0.000438250948679
0.000438576407396
0.000437400280195
0.000435021283492
0.000432713939834
0.000430473690295
0.000429696896014
0.000430136199206
0.000429113689442
0.000426917626527
0.000426512139697
0.000427579372338
0.000426823067017
0.000424597146358
0.000424145449746
0.000425147961195
0.000424667446532
0.000422995227829
0.000421017107791
0.0004187966587
0.000417658727674
0.000417419717787
0.000417134641142
0.000416830641192
0.000415484756721
0.00041330200112
0.000412521411536
0.000412895736331
0.000411864435423
0.000409706264114
0.000408942125124
0.000409323271759
0.00040830858223
0.000406174956794
0.000405424520903
0.000405810173811
0.000404809376924
0.000402697304603
0.000402282280599
0.000403260564182
0.000402499222131
0.000400338287412
0.000399216251381
0.000398945038306
0.000397663102229
0.000395577266885
0.000394846811832
0.000395232214397
0.000394260766523
0.000392201944588
0.000391485766691
0.000391872072792
0.000390914821038
0.000388880927493
0.000386918972418
0.000386596868067
0.000385877747935
0.000383809339334
0.000381823665162
0.000379912165552
0.000379930779507
0.000381547114053
0.000381177303574
0.000379202414338
0.000378218842166
0.000378044273421
0.000376912210974
0.000375018063495
0.000374415571636
0.000374875351709
0.000374038932473
0.000372163689509
0.000371568912157
0.000372024304296
0.000371193098608
0.000369331021505
0.000368741140876
0.00036919422995
0.000368365881946
0.000366511143847
0.000365921003782
0.000366367328349
0.000365538725771
0.000363689238548
0.00036190562971
0.000360182772172
0.000360011357396
0.000361122034701
0.000360641195384
0.000358879067307
0.00035894828668
0.000360515226468
0.000360169078346
0.000358281352437
0.000357632945759
0.000357993337985
0.000357091396686
0.000355181185376
0.000354505770203
0.000354840850787
0.00035421645879
0.000352828352385
0.000351180451196
0.000349330455348
0.000348415594381
0.000348274706671
0.000347229748755
0.000345466475518
0.000344920748942
0.000345375206631
0.000344616134525
0.000342885680707
0.000342359176811
0.000342818593186
0.000342071586425
0.000340359274257
0.000340125293091
0.000341100583427
0.000340554046956
0.000338785969321
0.00033848823824
0.000339389769002
0.000339052160106
0.000337722547065
0.000336451576691
0.000335764813519
0.000335564162902
0.00033447897995
0.000333805862475
0.000334100395736
0.000333204761908
0.000331359572036
0.000329579183659
0.000328965458211
0.000328082701336
0.000326263936669
0.000325609237193
0.000325908698336
0.000325328003445
0.000324047114033
0.000322834246021
0.000321384057899
0.000320831905205
0.000321221544796
0.000320469572609
0.000318805498207
0.000318541437867
0.000319421722681
0.00031886786357
0.000317164336507
0.000316320725739
0.00031617868356
0.000315202269478
0.00031356459573
0.000311990271093
0.000310476506951
0.000310343849958
0.000311348467428
0.000310938509756
0.000309392891547
0.000309470650394
0.00031087195514
0.000310577218362
0.000308919627171
0.000308101035185
0.000307963925819
0.000307003797238
0.000305392154732
0.00030487756454
0.00030526036143
0.000304535395207
0.000302927243057
0.000302407768887
0.000302777047445
0.000302051045954
0.000300451854793
0.000298914785562
0.000298454251454
0.000297745340198
0.000296172804378
0.000295677122372
0.000296062054651
0.000295377668507
0.0002938402957
0.000293614283472
0.000294458279361
0.000293958815976
0.000292383985391
0.000291615322113
0.000291503438811
0.000290610357877
0.000289099116089
0.000288637146455
0.000289033016742
0.000288374496216
0.000286875585149
0.000285437764459
0.000284056407025
0.000283955868464
0.000284907305191
0.000285510334917
0.00028583971552
0.000285624348388
0.000284971604794
0.000283822782366
0.000282281466419
0.000280793493404
0.000280089372749
0.000279219355101
0.000277744192538
0.000277291432817
0.000277675223489
0.000277041808961
0.00027559790053
0.000274216772935
0.000273838209981
0.000273231658941
0.000271825666107
0.000271654711805
0.000272491364518
0.000272069695557
0.000270641333594
0.000269273601037
0.000267960245305
0.000268092046083
0.000269407731961
0.000269212369543
0.000267804671978
0.000266455078634
0.000265156121648
0.00026482971544
0.00026530174945
0.000264790885371
0.000263496733453
0.000263172039061
0.00026363665629
0.000263123418543
0.000261831236431
0.000261730252783
0.000262597868001
0.000262231802264
0.000260880062774
0.000260715650356
0.000261514279883
0.000261080272074
0.000259662855841
0.000258977774956
0.00025888760903
0.000258081639332
0.000256710912938
0.000256295136165
0.000256657692218
0.000256057097832
0.000254691090479
0.000254272498841
0.000254624603513
0.00025402355497
0.000252665169786
0.000251363823606
0.000250999313535
0.000250418560506
0.000249087813345
0.000248693425994
0.000249061866946
0.000248498188243
0.000247193480219
0.000247029015891
0.000247791274842
0.000247382483274
0.000246039539333
0.000245615206312
0.000245935921797
0.000245546475351
0.000244594948668
0.00024345532987
0.000242171668885
0.00024158411742
0.000241567649164
0.000241515230502
0.000241443554008
0.00024070551924
0.000239438358038
0.000238225224772
0.000237063645208
0.000237008119
0.000237856783218
0.000238399059282
0.000238700749198
0.000238530443153
0.000237982900198
0.000237475165623
0.000236538526897
0.000235896575896
0.000235809849243
0.000235056500677
0.000233778120141
0.000232552800663
0.000231378481485
0.00023129391725
0.000232099420144
0.000231781114428
0.000230566369047
0.000230427586008
0.000231160372696
0.000230988816548
0.000230097390965
0.000229842342878
0.000230103598432
0.00022948635941
0.000228172501771
0.000227521805546
0.000227410326251
0.000226655915541
0.000225395787996
0.000224190029804
0.000223036324418
0.000222941575972
0.000223711312064
0.000223392026669
0.000222204601351
0.000222259457582
0.000223319966087
0.000223079622709
0.000221801097023
0.000221367392529
0.000221616052576
0.000221012057817
0.000219733454562
0.000218507498045
0.000217331079548
0.000216205561693
0.000215918239528
0.000215441432455
0.000214299496841
0.00021398758308
0.000214350380938
0.000213889506865
0.000212774956594
0.000212666978202
0.000213375006892
0.000213048771628
0.000211899074748
0.000211750624402
0.000212411706538
0.000212227895557
0.000211372869891
0.000210352768557
0.000209206079637
0.000208864481296
0.000209178802974
0.000208679934428
0.000207537072775
0.000207193438621
0.000207497823858
cambioooooooooo
14.561
--:tiempo 3
El error cuadratico medio se calculo: 
6.1917594569
0.00020699944477
0.000205865335449
0.000205524950255
0.000205827956918
0.00020541147793
0.000212597441814
0.000278000132197
0.000407649860447
0.000548717951904
0.000682817419053
0.000805399450035
0.00091477607788
0.00101019978935
0.0010916368098
0.00115954927967
0.0012145833992
0.00125721319212
0.00128780535178
0.00130709116732
0.00131614716998
0.00131568324845
0.00130599110339
0.0012877481243
0.00126208633348
0.00122997351197
0.00119193552118
0.00114836976541
0.00109964083732
0.00104595764339
0.000987567891114
0.000925099106924
0.000859354425518
0.000791184882298
0.000721338796221
0.000649966268698
0.000577373297534
0.000504965225062
0.000434378498007
0.000367048641273
0.000306234314818
0.000258316984664
0.000232370580906
0.000237365973284
0.000272081792165
0.00032687233319
0.000392978114062
0.000466153414703
0.000543598089386
0.000622857625524
0.000703240085504
0.0007847288989
0.000866907390539
0.000949213762723
0.00103136715523
0.00111313991882
0.00119431023102
0.00127473683197
0.00135434060169
0.00143306421215
0.00151086129781
0.00158769851902
0.00166367794497
0.0017391934885
0.00181408602827
0.00188782942418
0.00196045976608
0.00203273581551
0.00210527708835
0.00217787950698
0.00224955056426
0.00231958646805
0.00238891907548
0.00245832275774
0.00252674183812
0.00259314979418
0.00265763025632
0.00272119012863
0.00278426828582
0.00284642849173
0.00290707278678
0.00296585372145
0.00302364200707
0.00308116013015
0.00313760980223
0.00319232181154
0.00324645323989
0.00330100545685
0.00335506113666
0.00340776865636
0.00346000018708
0.00351252476423
0.00356431721126
0.00361434216288
0.00366224074776
0.00370798651543
0.00375278645637
0.00379759497091
0.003841407973
0.00388341211056
0.00392541587761
0.00396889896135
0.00401192319936
0.00405278085514
0.00409330055972
0.00413513949625
0.00417668160296
0.00421623943601
0.00425333863186
0.00428801704398
0.00432214058633
0.00435715538408
0.00439140802177
0.00442348279566
0.00445547240607
0.00448915630595
0.00452231297352
0.00455289647561
0.00458217375415
0.00461155077531
0.0046411150275
0.00467029340148
0.00469858418148
0.00472593949092
0.00475230550907
0.00477683003117
0.00479882370409
0.00481873918415
0.00483916810352
0.00486201861819
0.00488482141695
0.00490540254995
0.00492601493129
0.00494864949264
0.00497083705285
0.00499040675864
0.00500971911706
0.005030860576
0.0050513502411
0.00506890545676
0.00508499938926
0.00510109957106
0.00511587846263
0.00512822131406
0.00514023473293
0.00515384315081
0.0051685141534
0.00518342403137
0.00519781179826
0.00521102924585
0.00522207065703
0.00523037058212
0.00523772250107
0.00524561585823
0.00525261672753
0.00525751798591
0.00526244837156
0.0052691913956
0.00527563718281
0.0052799334701
0.00528412632326
0.00529001819644
0.00529550570841
0.00529852564389
0.00529911579951
0.00529794076061
0.00529791366214
0.0053011472603
0.00530482467095
0.00530652646167
0.00530922265745
0.00531544624487
0.00532184279435
0.00532535978671
0.00532797267391
0.0053316070902
0.00533424946394
0.00533391515969
0.00533072899488
0.00532538261642
0.00532036781282
0.00531750750945
0.00531463194712
0.00530983663882
0.00530517612062
0.0053024569944
0.00529953289727
0.00529457910526
0.00529017847066
0.00528851462646
0.00528684648519
0.00528277232925
0.00527882449212
0.00527728948223
0.00527600270244
0.00527270596565
0.00526680943332
0.00525835974707
0.00524928272492
0.00524130725233
0.00523499083827
0.00523030300528
0.00522488350469
0.00521671602014
0.0052059100913
0.00519314335218
0.00518086054133
0.00517084390791
0.00516095674125
0.00514932680575
0.00513795679301
0.00512883567152
0.00512196079322
0.00511670663025
0.00511105283677
0.00510337393367
0.0050932076909
0.00508061669331
0.00506747328985
0.00505523998909
0.00504249424637
0.00502804471337
0.00501395690402
0.00500195119996
0.00498996922024
0.00497621223134
0.00496263869028
0.00495117765786
0.00494173308925
0.00493367775601
0.00492470741669
0.00491315416668
0.00490106207967
0.00489027912194
0.00487939975775
0.00486700982668
0.00485358419379
0.00483965586869
0.00482442639023
0.00480738844495
0.00479064768182
0.00477609549794
0.00476353378146
0.00475089465243
0.00473812338323
0.00472657748866
0.00471439141461
0.00469997204704
0.00468525945505
0.00467195160292
0.00465822018811
0.00464226881615
0.0046243878163
0.00460656710773
0.00458875125831
0.00456941417889
0.00454858024135
0.00452655677889
0.00450389100381
0.00448279381427
0.00446294603446
0.00444254635635
0.00442404729835
0.00440948232205
0.00439589279719
0.00438060463075
0.00436518983784
0.00435118296187
0.00433685972742
0.00432053199275
0.0043022680932
0.00428266664371
0.00426416413176
0.00424850954607
0.00423340143983
0.00421660024349
0.00419823580684
0.00418007892949
0.00416205147346
0.00414274220597
0.0041223874272
0.00410303051154
0.00408444271702
0.00406477701756
0.00404393890895
0.00402230612539
0.00400131158863
0.00398198757943
0.00396305697549
0.00394354149849
0.00392576227187
0.00391153571856
0.00389821251861
0.00388344420357
0.0038690010989
0.00385654684036
0.00384445961845
0.00383105499607
0.00381589401032
0.00379906028494
0.00378233345626
0.00376706328406
0.00375172739945
0.00373504522015
0.00371887842322
0.00370478304616
0.00369081997779
0.00367522490173
0.00365907434668
0.00364343455169
0.0036273077411
0.00360987187343
0.00359264941245
0.00357689850555
0.00356115968753
0.00354420795602
0.00352780635964
0.003513426338
0.00349922190828
0.00348351510097
0.00346732386311
0.00345165565912
0.00343556154611
0.00341826094013
0.00340119477061
0.0033856667301
0.00337128108233
0.0033574061392
0.00334319182301
0.00332796879671
0.00331147631859
0.00329377992195
0.0032764052806
0.00326061092038
0.00324600530438
0.00323200545881
0.0032180953844
0.00320383715069
0.00318859116429
0.00317201280065
0.00315521777369
0.00313911565458
0.00312281716106
0.003105589878
0.00308872469037
0.00307338837192
0.00305920265704
0.00304561087904
0.0030321230607
0.00301832354786
0.00300360775841
0.0029875465445
0.00297031341748
0.00295233612596
0.0029352960605
0.0029203833286
0.00290599347656
0.00289073915276
0.00287598841157
0.0028631040263
0.00285188865515
0.00284059344967
0.00282785718931
0.00281443554587
0.00280040509601
0.00278531569823
0.0027703741894
0.00275655778223
0.00274274926698
0.00272798676315
0.00271337160558
0.00269985386683
0.00268633704204
0.00267190921299
0.00265790838036
0.00264544245365
0.00263312360157
0.00261960438985
0.00260488632238
0.00258932539907
0.00257416770507
0.00256030304287
0.00254665175476
0.00253231408987
0.00251853910122
0.00250635821039
0.00249442616951
0.0024815866313
0.00246903924019
0.00245784812338
0.00244697742792
0.00243535259713
0.00242269438688
0.00240894960976
0.00239442338337
0.0023801439867
0.00236606167666
0.00235148468874
0.00233733741243
0.00232439633679
0.00231167718058
0.00229833648693
0.00228527635133
0.0022732713423
0.00226137648865
0.00224878300258
0.00223638515686
0.00222495042329
0.00221356514939
0.00220147445885
0.00218977353699
0.00217936329917
0.00216909603802
0.00215793857779
0.00214652159257
0.00213546179254
0.00212417144488
0.00211217628162
0.00210036764325
0.00208947019415
0.00207862799253
0.00206711050241
0.00205574623767
0.00204524361087
0.00203476834121
0.00202363389503
0.00201285002009
0.00200324440205
0.00199376502867
0.00198349098488
0.00197319508763
0.00196362037094
0.00195437535951
0.00194496533963
0.00193496329774
0.00192416646927
0.00191325446201
0.00190277355282
0.00189218761251
0.00188106466752
0.00187018805252
0.00186019058818
0.00185030089453
0.00183986341258
0.00182960890774
0.00182015901579
0.00181076628558
0.00180081889776
0.00179121115136
0.00178267190718
0.00177426270925
0.00176507763824
0.00175511431096
0.00174465835837
0.00173488393255
0.00172660441904
0.00171868015593
0.00171007874265
0.00170126232024
0.00169271361124
0.00168397030729
0.00167466514314
0.0016655057621
0.00165706142372
0.00164865668624
0.00163974170714
0.00163113185292
0.0016234880569
0.00161595794851
0.00160771996652
0.0015988747662
0.00159023415504
0.00158173949016
0.00157274113593
0.00156338423825
0.00155388745178
0.00154417694125
0.00153425255234
0.00152478515311
0.00151625715133
0.00150800207829
0.00149945737679
0.00149119636008
0.00148377782212
0.00147714776319
0.00147108072183
0.00146487073319
0.00145802767093
0.00145115132709
0.0014447476646
0.00143825311803
0.00143119662889
0.00142416188067
0.00141763862639
0.0014110674423
0.00140398100053
0.00139694743525
0.00139046082246
0.0013841033917
0.00137743022215
0.00137029687309
0.00136271539818
0.00135517797788
0.00134804988081
0.00134093442124
0.00133351833016
0.00132634522065
0.00131992079429
0.00131423360579
0.00130907614959
0.00130378608907
0.00129785790896
0.00129139256601
0.00128493904035
0.00127848282979
0.00127161650162
0.00126435303095
0.00125685200503
0.00124969354876
0.00124334536777
0.00123771519981
0.00123224801251
0.00122691492895
0.0012220301613
0.00121709291004
0.00121169732541
0.00120633523266
0.00120148015624
0.00119711740225
0.00119310295902
0.00118900276496
0.00118445482426
0.00117936007358
0.00117375366558
0.00116807591205
0.00116270031595
0.00115764045926
0.00115279934474
0.00114779203942
0.00114231317474
0.00113640227034
0.00113023300829
0.0011244463261
0.00111955671616
0.00111545094313
0.00111150315687
0.00110767681137
0.00110431534174
0.00110085607072
0.0010968476237
0.00109283876738
0.00108929588022
0.00108578716517
0.00108186570532
0.00107742324211
0.0010725110017
0.0010676377162
0.00106316702708
0.00105867995152
0.00105383417916
0.00104905402132
0.00104475005594
0.00104087213911
0.00103700562071
0.00103325288849
0.00102995191343
0.00102658260255
0.00102271433615
0.00101875751586
0.00101507913914
0.00101139568435
0.00100740307833
0.00100300997883
0.000998198085475
0.000993087319688
0.00098800489488
0.000982947462431
0.000977744444509
0.0009727892447
0.000968378069959
0.000964097522266
0.000959624737982
0.000955420263489
0.000951839927362
0.00094837502199
0.000944611854431
0.000940996964605
0.000937904983497
0.000934943836434
0.000931712135578
0.000928102042498
0.000924134244642
0.000920146578103
0.00091638310299
0.000912584085052
0.000908554106899
0.000904663870552
0.000901196233728
0.00089777930657
0.000894112914099
0.000890546246181
0.000887360080389
0.000884193134541
0.00088075471968
0.000877391838877
0.000874383273674
0.000871376515507
0.000868036572729
0.00086442305668
0.000860883327186
0.000857392284953
0.000853723063542
0.000850206706963
0.000847101820403
0.00084405636416
0.000840800423043
0.000837740196051
0.000835253618724
0.000833261194225
0.000831318519468
0.000829412528026
0.000827806228433
0.000826170211087
0.000824173476532
0.000821738984955
0.000818914617447
0.000816088928736
0.000813533178581
0.000810933306899
0.000807990415032
0.000804718300048
0.000801246482433
0.000798026972428
0.000795352369595
0.000792796477177
0.000790017948248
0.000787386633754
0.000785195128631
0.000783037286856
0.000780590036997
0.000778226917818
0.000776255554985
0.000774359318263
0.000772214454787
0.000769735812277
0.00076695798966
0.000764235437032
0.000761863698462
0.000759799460619
0.0007577359301
0.000755678249128
0.000753866761768
0.00075226615317
0.00075053920855
0.000748426754164
0.000746023604718
0.000743480654234
0.00074100145563
0.000738788468776
0.000736842706178
0.000734835276083
0.000732494321319
0.000729892195566
0.000727381525831
0.000724927473518
0.00072223603718
0.000719302026274
0.000716177224733
0.000712980029459
0.000710094301391
0.000707444340691
0.000704686445844
0.000701991556531
0.000699521123685
0.000697067581289
0.000694434995475
0.000691629379176
0.000688746894163
0.000686159912453
0.00068410257154
0.000682196700268
0.000680152660838
0.000678343790274
0.000677049319854
0.000675835729241
0.00067432913733
0.000672710086017
0.00067115390185
0.000669484404793
0.000667534223903
0.000665325018675
0.000662909742217
0.000660390857144
0.000658071748928
0.000655901031237
0.000653658418809
0.000651701266259
0.000650289454904
0.000648999139666
0.000647434200759
0.000645577145381
0.000643521919348
0.000641567821769
0.000639948921093
0.000638647552954
0.000637563116433
0.000636397451904
0.000634958673588
0.000633502686721
0.00063223990333
0.000630989344522
0.000629559644739
0.000627889145762
0.000626003631339
0.000624185644516
0.000622625423485
0.000621073862173
0.000619336902436
0.000617654505727
0.000616212571606
0.000614765808867
0.000613083786819
0.000611211029813
0.00060938496468
0.000607585279709
0.00060565964262
0.000603839346576
0.000602298823913
0.000600791186692
0.000599124246635
0.000597526506372
0.000596174398824
0.000594828073078
0.000593311152453
0.000591909106131
0.000590832118907
0.0005897768915
0.000588498252701
0.000587217958064
0.000586116893794
0.000584969852806
0.000583603626456
0.000582249591942
0.000581086599626
0.000579889753372
0.000578485861134
0.000577103006247
0.000575926742349
0.000574787731443
0.000573507918792
0.000572027729463
0.000570359065048
0.00056870222633
0.000567195027142
0.000565674887475
0.000564025904535
0.000562471784083
0.000561175134112
0.000559905855747
0.000558485668387
0.000557127772947
0.000556032733815
0.000555188251636
0.000554518193975
0.000553819785823
0.000552925577739
0.000551786033185
0.000550420218032
0.000549027073157
0.000547744157288
0.000546419994733
0.000544947956374
0.000543547292549
0.000542377271265
0.000541218781804
0.00053990283739
0.000538637243985
0.000537581233418
0.000536520183302
0.000535289036527
0.000534095540261
0.000533098942741
0.000532088243168
0.000530910367718
0.000529822758378
0.000529013403142
0.000528212655884
0.000527212955879
0.000526263961575
0.000525565084252
0.000524904416969
0.000524066646194
0.000522994391168
0.000521714266223
0.000520464801784
0.00051940525131
0.000518332259731
0.000517089868377
0.000515879995732
0.000514857094363
0.000513818884415
0.000512576018039
0.00051116792328
0.00050979218865
0.000508432033127
0.000506929019616
0.000505325748452
0.000503849338141
0.000502462631679
0.000500955369059
0.00049931544082
0.000497604858665
0.00049604309458
0.000494766133299
0.000493562004662
0.000492266105155
0.000491059652275
0.000490080420932
0.000489125877113
0.000488039983663
0.000487007491583
0.000486169291287
0.000485329675567
0.000484338582512
0.000483382330602
0.000482603091133
0.000481809420463
0.00048085495185
0.000479926296961
0.000479198212107
0.000478663778555
0.000478252211141
0.00047774648325
0.000476978656636
0.000475962872277
0.000474776527664
0.000473642620862
0.000472702315858
0.000471766791901
0.00047069932304
0.000469725813307
0.000469052983476
0.000468632515779
0.000468225373856
0.000467830599228
0.000467587669193
0.000467314011524
0.000466836208441
0.000466149262918
0.000465265872449
0.000464316485571
0.000463414541688
0.000462438717798
0.000461314494894
0.000460275865485
0.000459485557618
0.000458709360002
0.000457767948878
0.000456877649405
0.000456210189357
0.00045558115186
0.000454803394456
0.000453826713688
0.000452666678729
0.000451486914264
0.000450399670122
0.000449280535879
0.000448050566954
0.000446932408454
0.000446080163927
0.000445261928585
0.000444299623118
0.000443400515689
0.000442729068632
0.000442104092947
0.000441342049935
0.000440392732012
0.000439270025053
0.000438131697444
0.000437085820607
0.000436010927252
0.000434822417526
0.000433694534105
0.00043275256632
0.000431821438971
0.000430767206447
0.000429755143253
0.000428910718227
0.000428062622958
0.000427080157766
0.000426128666175
0.000425333788714
0.000424527219787
0.000423580792771
0.000422659377236
0.000421888269987
0.000421101390382
0.000420172418055
0.000419265388366
0.000418504958704
0.000417726832586
0.000416806138506
0.000415905872199
0.000415178254752
0.000414617980472
0.00041417096865
0.000413688805034
0.000413049222901
0.000412217107775
0.000411209002799
0.000410174520865
0.000409216215669
0.00040822208639
0.000407114651908
0.000406058090685
0.000405198066369
0.000404525520524
0.000403977241681
0.000403366984695
0.000402578149564
0.000401773390777
0.000401083995111
0.000400396559637
0.000399591396842
0.000398630056713
0.000397524291811
0.000396415369051
0.000395399479719
0.000394365242504
0.000393235017542
0.000392165495043
0.000391268977571
0.000390386253719
0.000389402317346
0.000388503029606
0.000387822351343
0.000387159971783
0.000386362742134
0.000385611775232
0.000385050458812
0.000384522280109
0.000383868700184
0.000383046782307
0.000382069421946
0.000381074308725
0.000380155579564
0.000379208084316
0.00037815902652
0.000377160239549
0.000376346399901
0.000375708538677
0.000375187340849
0.0003746094741
0.00037386657075
0.000373109433372
0.000372453192756
0.000371757161475
0.000370889836077
0.000369858374329
0.000368719725528
0.000367644335136
0.000366738612509
0.000365852856077
0.000364872650264
0.000363936789971
0.000363149999914
0.000362365983753
0.000361479671622
0.000360664590024
0.000360045596525
0.000359437845966
0.000358700531984
0.000358002405241
0.000357476746087
0.000356978842694
0.000356362117273
0.000355587108108
0.000354672416026
0.00035377973045
0.000353015614111
0.000352241762515
0.000351353370104
0.000350487329858
0.000349747048486
0.000348995163312
0.000348127747817
0.000347280592557
0.000346556296053
0.000345818986715
0.000344971914297
0.000344182414792
0.000343570815264
0.000342962889124
0.000342220471479
0.000341473084921
0.00034082996898
0.000340193572495
0.000339461305969
0.000338599784466
0.00033762457201
0.000336687195409
0.000335886741742
0.000335089254187
0.000334198878145
0.000333375991942
0.000332735543674
0.000332107102849
0.000331332448194
0.000330410273824
0.00032936793733
0.000328266431305
0.000327279747839
0.000326374171646
0.000325405878836
0.000324486113904
0.000323705217097
0.000322932384615
0.000322068507624
0.000321236419527
0.000320528486506
0.000319817354733
0.000319006777385
0.000318219671803
0.000317548517386
0.00031686826423
0.000316084608385
0.000315320046251
0.000314666743763
0.000314001403916
0.000313231169566
0.00031247781612
0.000311838397882
0.000311220564816
0.000310527760809
0.000309727155832
0.00030882586275
0.000307931549956
0.000307116510346
0.000306292711532
0.000305399353143
0.000304556968637
0.000303850879186
0.000303156798189
0.000302380653863
0.000301637437562
0.000301013186435
0.000300387130187
0.000299668308381
0.00029897218523
0.000298385196531
0.000297789144883
0.000297095311165
0.000296419026598
0.000295846596762
0.000295261640477
0.000294576990662
0.000293907466782
0.000293338941407
0.000292756426849
0.000292073936735
0.000291405561764
0.000290836554891
0.000290253109675
0.000289570222037
0.000288901121643
0.000288330353011
0.000287745175524
0.000287061460568
0.000286391514796
0.000285819117267
0.000285232540992
0.00028454848437
0.000283878291889
0.00028330495334
0.000282717730841
0.000282034123012
0.000281364494275
0.00028079103693
0.000280203988989
0.00027952665052
0.000278894850775
0.000278404714743
0.000277915251024
0.00027732101297
0.000276753276681
0.000276314167989
0.000275892841607
0.000275377264442
0.00027473755281
0.000273989522619
0.000273258308061
0.000272625001287
0.000271983236951
0.000271253809541
0.000270542425086
0.000269927533747
0.000269303401084
0.00026859140848
0.000267896237422
0.000267295576039
0.000266684837273
0.000265967101329
0.00026516904784
0.000264411452699
0.000263677665691
0.000262881528597
0.00026211936574
0.000261473708424
0.000260889488274
0.000260297677751
0.00025963904343
0.000258891109716
0.000258139805788
0.000257445753456
0.000256736853232
0.000255964505102
0.000255230401011
0.000254605657672
0.000253987376119
0.00025329875101
0.000252636309856
0.000252071318282
0.000251503448458
0.000250858141589
0.000250232011489
0.000249696430399
0.000249153008858
0.000248533348174
0.00024795720951
0.000247508666729
0.000247062210151
0.000246520037512
0.000245974978566
0.000245508442159
0.000245073367146
0.000244609019822
0.000244063189046
0.000243417922569
0.000242756247939
0.0002421368101
0.000241493772791
0.000240783464401
0.00024010274973
0.000239519189257
0.000238937094925
0.000238285520244
0.000237655906609
0.000237115470498
0.000236570409153
0.000235951419358
0.000235349684256
0.000234832234417
0.00023430682112
0.000233705456987
0.000233118826509
0.000232613564716
0.000232098654802
0.000231511394697
0.000230963657679
0.000230533492708
0.000230104349206
0.000229581641699
0.000229030331829
0.000228505772968
0.000227947569569
0.000227312279939
0.000226671078652
0.000226076682221
0.000225466179021
0.000224802122078
0.000224195539399
0.000223720093869
0.000223259711454
cambioooooooooo
563.572
--:tiempo 4
El error cuadratico medio se calculo: 
10.9320652538
0.000222728370395
0.000222229450421
0.000221842153004
0.000221476024887
0.000221202800577
0.000228552360661
0.00028833186902
0.000411887642066
0.000550350472119
0.000683488084234
0.000805583998558
0.000914751137925
0.0010103436522
0.00109214403613
0.00116030609902
0.00121561147096
0.00125887118988
0.00129025946928
0.00131008658439
0.00131948583718
0.00131955053085
0.00131074653714
0.00129346909143
0.00126809687564
0.00123514782133
0.00119569037279
0.0011506587639
0.00110026487612
0.00104479728127
0.000985289166333
0.000922620802511
0.000856800527173
0.0007879511438
0.00071700208866
0.000644813133511
0.000571622502315
0.000497995734952
0.000425502486564
0.000356222094316
0.000293095511321
0.000242148436833
0.00021381044128
0.000217912894284
0.000253280304511
0.000309620072256
0.000377767989723
0.00045243630459
0.000530798665759
0.000611280361097
0.000692924712123
0.000775121019089
0.000857477273415
0.000939740156036
0.00102191242986
0.00110399962805
0.00118563657864
0.00126652444921
0.00134708297221
0.00142766697475
0.00150762191147
0.00158634730104
0.00166427432634
0.00174181802617
0.00181840555011
0.00189347185758
0.00196699545797
0.00203911402285
0.00211070540465
0.00218250855482
0.00225438588221
0.00232534263007
0.0023950578047
0.00246394262635
0.00253143581394
0.00259708548718
0.00266203450282
0.00272724140186
0.00279152322392
0.00285382378533
0.00291538473434
0.00297733895502
0.00303861170755
0.00309807482146
0.00315539924202
0.00321056721979
0.00326461270547
0.00331836801087
0.00337099597765
0.00342180704806
0.00347237228934
0.00352399218438
0.00357499661632
0.00362387203176
0.00367189719661
0.00372033173572
0.00376850513139
0.00381557624574
0.0038607458786
0.00390357330614
0.0039452988699
0.00398696688435
0.00402753608887
0.00406611897059
0.00410426569767
0.00414328986636
0.00418162312688
0.00421787855837
0.00425361091782
0.0042902004079
0.00432602708606
0.00435970163983
0.00439326263175
0.00442844852279
0.00446308910284
0.00449527144901
0.00452708340464
0.00456037457126
0.00459292421907
0.00462268634085
0.00465097864666
0.00467911832087
0.00470589843018
0.00473029868026
0.00475423095096
0.00477930979241
0.00480369518022
0.00482576338044
0.00484737261832
0.00487016840834
0.00489226998557
0.00491206704155
0.00493192854178
0.00495387142774
0.00497540875632
0.00499430049666
0.00501243842377
0.00503168059302
0.00505107326416
0.00506941448487
0.00508561600905
0.00509910396959
0.00511161109929
0.00512458639787
0.00513663160774
0.00514661060798
0.00515708986947
0.00517016954584
0.00518318732451
0.00519374404912
0.00520379063349
0.00521524880434
0.00522709604062
0.00523805381435
0.00524697532399
0.00525325215902
0.0052586715627
0.00526472814736
0.00526996683122
0.00527315085967
0.00527641206623
0.00528154997763
0.00528643742961
0.00528919525407
0.00529187340898
0.00529629151985
0.00530033531776
0.00530213774088
0.0053037726222
0.00530708098712
0.00530995595049
0.00531053653963
0.00531091212912
0.00531293761962
0.00531450876465
0.00531376641067
0.00531280925353
0.00531350072247
0.00531373756801
0.00531166098507
0.0053093744137
0.00530874584552
0.00530767313057
0.005304297913
0.00530072483552
0.00529882335311
0.0052964934465
0.00529193065513
0.0052877485179
0.00528617917398
0.00528450476576
0.00528011401323
0.00527351884134
0.0052657972413
0.005259313132
0.00525566218585
0.00525201167386
0.00524584183512
0.00523866743587
0.00523201795765
0.00522447209024
0.00521461463291
0.00520285240942
0.00519183279063
0.00518133768536
0.00516908211789
0.00515498501515
0.00513968527058
0.00512651413845
0.0051178969807
0.00511041594911
0.00510094415764
0.005091291411
0.00508346784972
0.00507732318113
0.0050704982364
0.00506100697592
0.00504915234523
0.00503733839395
0.00502738269943
0.0050172550941
0.00500515443852
0.00499307219433
0.00498278025203
0.00497226681563
0.00495975049894
0.0049472141698
0.00493661964514
0.00492789681543
0.004920455741
0.00491201453141
0.00490090000037
0.00488916598495
0.00487869108251
0.00486807964373
0.00485581893928
0.00484144716506
0.00482498568676
0.00480820187026
0.0047924935944
0.00477648260065
0.00475899012257
0.00474197092924
0.00472707910957
0.00471234244629
0.00469582350744
0.00467771979028
0.00466001080948
0.00464259299657
0.00462403407706
0.00460613404089
0.00459046560464
0.00457508235372
0.0045580761735
0.0045396204583
0.00452162411361
0.004503973267
0.00448526428426
0.00446723558109
0.00445140659312
0.00443588111792
0.00441902399516
0.00440298984114
0.00438962348875
0.00437657374916
0.00436175929586
0.00434727736864
0.00433504479283
0.00432323929652
0.00431000595583
0.00429524749469
0.00427895192912
0.00426268463898
0.00424793458895
0.00423299344551
0.00421639419378
0.00420025486463
0.00418638826073
0.00417261201182
0.00415691014904
0.00414050871961
0.00412464618456
0.00410819641956
0.00409020091419
0.00407238997912
0.00405622904197
0.004040063109
0.00402242418489
0.00400492772613
0.00398901248012
0.00397305451497
0.00395565373928
0.00393878804398
0.00392415082611
0.00390968138626
0.0038935153075
0.00387717367681
0.00386212080244
0.00384721175417
0.00383121242833
0.00381373636119
0.00379482349965
0.00377623368326
0.00375932832672
0.00374255394183
0.00372453094211
0.00370674494081
0.00369051933948
0.0036743369027
0.00365685261034
0.00363953471336
0.00362369139635
0.00360784193001
0.00359067368547
0.00357363455996
0.00355801433707
0.00354236399032
0.00352539897936
0.0035085445834
0.00349307027966
0.00347755593183
0.00346074257609
0.00344403158172
0.00342867103981
0.00341326807789
0.0033965878677
0.00338000717591
0.00336475213137
0.00334945616927
0.0033329077516
0.00331645871699
0.00330131296674
0.00328612965243
0.0032695873722
0.00325172572599
0.00323297451982
0.00321519021909
0.00319973294341
0.00318483206759
0.00316894843732
0.00315390524812
0.0031412765326
0.00312901642233
0.00311522022698
0.00310076628589
0.00308660567997
0.00307191644833
0.00305587627942
0.00303859885992
0.00302049689045
0.00300330825697
0.00298842662883
0.00297537267152
0.00296342457799
0.00295168373265
0.00293940519436
0.00292597503227
0.00291108959375
0.00289580911506
0.00288102227532
0.00286593600918
0.00284987308773
0.00283404239844
0.00281946706476
0.00280498426658
0.00278959031695
0.00277468032028
0.0027614485572
0.0027484305545
0.00273430114009
0.00272012859073
0.00270696932261
0.00269427686409
0.00268142378549
0.00266831442603
0.00265453926867
0.00264049081123
0.00262687498371
0.00261296025667
0.00259813141105
0.00258349525441
0.0025699888828
0.00255655542023
0.00254215354026
0.00252680641706
0.00251084287998
0.00249570446366
0.00248244598611
0.0024696824188
0.0024562094341
0.00244343950151
0.00243259234303
0.00242207608524
0.00241043294607
0.00239857590482
0.00238740754156
0.00237600426961
0.00236354783147
0.00235102550444
0.00233931534231
0.0023274943858
0.00231474384172
0.00230201766394
0.0022901877071
0.00227856275532
0.00226639859932
0.00225345893595
0.00223976240213
0.00222634906336
0.00221402242171
0.00220185705867
0.00218905306115
0.0021766979999
0.00216572272168
0.0021549695668
0.002143369653
0.0021315474806
0.00212013636895
0.00210854352888
0.0020962640912
0.00208418489288
0.00207305665946
0.00206202090706
0.00205031611758
0.00203876733144
0.00202810950988
0.00201750755318
0.00200613930485
0.00199402361458
0.00198142080292
0.00196946924622
0.00195900195505
0.00194892655992
0.001938293391
0.00192821770511
0.00191966247188
0.00191137196368
0.00190219632294
0.00189285644496
0.00188406490332
0.00187509319723
0.00186522047207
0.00185449492897
0.00184316447934
0.00183212217114
0.00182202794898
0.00181210990293
0.00180168238936
0.00179146337495
0.00178209242315
0.00177282175088
0.00176298857178
0.00175330283096
0.0017443972161
0.00173554785714
0.00172611316728
0.00171679281498
0.0017082100946
0.00169966075436
0.00169052058691
0.00168147737804
0.00167314367181
0.00166483214492
0.0016559335763
0.00164712303443
0.0016390016371
0.0016308973813
0.00162221460889
0.0016136153225
0.00160575886181
0.00159865958315
0.00159210963788
0.00158531489092
0.00157765733524
0.00156919030511
0.00156015235474
0.0015514622798
0.00154379646481
0.00153632609344
0.00152831557293
0.00152050727365
0.00151356380979
0.00150669417314
0.00149916765821
0.00149143219484
0.00148393986904
0.00147628537683
0.00146812374625
0.00146008134387
0.00145268820719
0.00144534834033
0.00143753304403
0.00142982311472
0.00142273553243
0.00141568750229
0.00140816237555
0.00140073004086
0.00139389783129
0.00138709617369
0.00137982017734
0.00137262888948
0.00136601994667
0.00135943606029
0.00135238325669
0.0013454097998
0.00133900369192
0.00133261924034
0.00132577277169
0.00131900191436
0.00131278517439
0.00130658792823
0.00129993633209
0.00129335757879
0.00128732086198
0.00128130219887
0.00127483719404
0.00126844283788
0.00126257922016
0.00125673263263
0.00125044780306
0.00124423176696
0.00123853573313
0.00123285594146
0.00122674595289
0.00122070310389
0.00121516995172
0.001209652384
0.00120372463341
0.00119799164793
0.00119297090669
0.00118803517835
0.00118260524012
0.00117702964827
0.00117166060129
0.00116617559825
0.00116030027029
0.00115452620516
0.00114926924479
0.0011440575589
0.00113847283722
0.00113297272527
0.0011279644477
0.00112298652958
0.00111763010083
0.00111234568952
0.00110753420167
0.00110274409917
0.00109757533875
0.0010924711122
0.00108782573856
0.00108319665779
0.00107819179756
0.00107324689764
0.00106874960462
0.00106426569023
0.00105941047833
0.00105461227727
0.00105025208829
0.00104590355863
0.0010411890032
0.00103652939793
0.00103229919346
0.00102807956701
0.00102345790533
0.00101848755611
0.00101360861644
0.00100880567062
0.00100377305152
0.000998907164387
0.000994553733512
0.000990293555405
0.000985755407375
0.000981327206072
0.000977354335025
0.000973431697763
0.000969200635382
0.000965046893314
0.000961313802276
0.000957607320944
0.000953588175382
0.000949730983102
0.000946492391085
0.000943814909343
0.000941160306104
0.000938409940577
0.000935852893554
0.000933315511722
0.000930583577534
0.000927470595504
0.000923885618785
0.000920166754614
0.00091659710699
0.0009129284864
0.000908949343256
0.000905044605789
0.000901539541433
0.000898066170225
0.0008943073871
0.000890708655309
0.000887650578209
0.000884666040005
0.000881297174051
0.000877542621071
0.000873531495883
0.000869851219363
0.000866930888923
0.000864198479448
0.000861121411116
0.000857932398878
0.00085488465664
0.000851743916372
0.000848276849937
0.000844543340264
0.000840905416576
0.000837347070491
0.000833612787627
0.000830028385546
0.000826877818864
0.000823811590264
0.000820520390701
0.000817324692178
0.000814509687357
0.000811737774409
0.000808718375883
0.000805849987722
0.000803473121235
0.000801163605962
0.000798506095934
0.000795497717226
0.000792253863056
0.000789304917699
0.000787038191052
0.000784935324282
0.000782513934878
0.000779984748491
0.000777576996505
0.000775077933633
0.000772307103331
0.00076958940742
0.000767199444686
0.000764825170795
0.000762190344347
0.000759599368582
0.000757322717923
0.000755053335775
0.000752519555644
0.000750022727676
0.000747830618207
0.000745640965687
0.000743186354347
0.000740764860664
0.000738641301466
0.000736517668914
0.000734130318422
0.000731773916931
0.000729717602348
0.000727738429236
0.000725626737259
0.000723586277982
0.000721791538134
0.000719945177364
0.000717797043517
0.000715640847169
0.000713737440786
0.000711805723089
0.000709596951281
0.000707398883791
0.000705497102527
0.000703878914263
0.000702276824239
0.000700398250179
0.000698186940741
0.000695723068178
0.000693309882066
0.000690937811097
0.00068840754792
0.000686056351834
0.00068416716237
0.000682372874181
0.000680321546238
0.000678072330187
0.000675745914028
0.000673511236726
0.000671475749291
0.000669428454288
0.000667200900643
0.000665065246494
0.000663278190999
0.000661820683837
0.000660610945466
0.000659398994573
0.000657973223531
0.000656271279717
0.000654303915071
0.000652374820324
0.00065071875859
0.000649072583864
0.000647209743827
0.000645450543855
0.000644068230205
0.00064272619287
0.000641114121451
0.000639417922017
0.000637825110096
0.000636160884849
0.000634276947087
0.000632438400111
0.000630869085183
0.000629312590314
0.000627542091406
0.000625806847212
0.000624328152313
0.000622853343363
0.000621165302206
0.000619571742868
0.000618335228721
0.000617133384919
0.000615675228585
0.000614199096566
0.000612933740048
0.000611698586908
0.00061029915619
0.000608673707187
0.000606822020619
0.000604963295831
0.000603270200424
0.000601567418563
0.000599705486797
0.000597928403316
0.00059644195911
0.000594996912239
0.000593372896169
0.000591801970326
0.00059049029932
0.000589195125245
0.000587701937864
0.000586243139424
0.000585025142024
0.000583810101841
0.00058238785897
0.000580990198432
0.000579822896893
0.000578651680668
0.000577269543131
0.000575907043671
0.000574768816026
0.000573623393015
0.00057227201681
0.000570999142399
0.000570047402623
0.000569120201301
0.000567955621136
0.000566829105868
0.000565991211701
0.000565208641726
0.000564237596394
0.000563015272084
0.000561551970236
0.000560109706205
0.000558891205729
0.000557672507998
0.000556255308006
0.000554861692924
0.000553688606439
0.000552513358711
0.000551139123272
0.000549785980486
0.000548665797574
0.00054771777931
0.000546843948526
0.000545908574661
0.000544804312852
0.000543489290444
0.000541965697717
0.000540429950566
0.0005390540356
0.000537847839932
0.000536767026951
0.00053561962332
0.000534270752331
0.00053289204719
0.000531652972867
0.000530570608133
0.000529659496568
0.000528822631222
0.000527932649711
0.000526874346661
0.000525592740573
0.000524322007389
0.000523251386215
0.000522172583939
0.000520901299358
0.000519645764456
0.000518595863045
0.000517594620061
0.000516473723786
0.000515177638299
0.000513687700479
0.000512052370523
0.000510463231672
0.000509116682602
0.000508027205609
0.000506955561788
0.000505694193188
0.000504245237644
0.000502666212064
0.000501189091144
0.000500005605605
0.000499108041475
0.000498444826756
0.000497951765322
0.00049743601099
0.000496693656075
0.000495702761127
0.00049464656177
0.000493688402409
0.000492848441644
0.000492134438822
0.000491365070115
0.000490357444356
0.000489122716083
0.000487723631612
0.000486390674846
0.00048529369176
0.000484230932954
0.000483023841616
0.00048186070619
0.000480908587484
0.000479969780066
0.000478869681812
0.000477797092581
0.000476919593398
0.000476043393083
0.000474997353201
0.000473970059647
0.000473133637574
0.000472343126274
0.000471457764435
0.000470563365257
0.000469739826873
0.000468849183175
0.000467782494678
0.000466735935753
0.000465875171093
0.000465012214218
0.000463980953473
0.000462966200679
0.000462131845932
0.000461291733941
0.000460262758133
0.000459068081395
0.000457902896565
0.00045675949322
0.000455501392946
0.000454306538837
0.000453329673405
0.000452381643243
0.000451295421602
0.000450246995547
0.000449392575791
0.000448547719434
0.000447554098315
0.000446631623747
0.000445967788152
0.000445328932746
0.000444508873611
0.000443721713137
0.000443181399361
0.000442869361426
0.000442561099359
0.000442025609941
0.000441239047267
0.000440368132441
0.000439548136295
0.000438662025442
0.000437610402955
0.000436577590239
0.000435719020225
0.000434859235574
0.000433847565771
0.00043289918534
0.000432197421621
0.000431517013606
0.000430659125576
0.000429832171104
0.000429225628082
0.000428662317861
0.000427957148528
0.00042706222521
0.000425985158318
0.000424924386182
0.00042403332823
0.00042314196325
0.000422099827828
0.000421075212904
0.00042023533007
0.000419566007842
0.000418886803413
0.000418194294982
0.000417611130452
0.000416974412174
0.00041614322787
0.000415289595609
0.000414565935423
0.00041381114864
0.00041288290109
0.000411949476109
0.000411159925593
0.00041035210697
0.000409382766026
0.000408417309314
0.000407602297907
0.000406775672867
0.00040579426176
0.000404821210887
0.00040400111648
0.000403172653556
0.000402193308424
0.000401224339392
0.000400408690735
0.000399586117959
0.000398615072245
0.000397655145888
0.000396847819035
0.000396034103156
0.000395073567721
0.000394124271875
0.000393326343022
0.00039252213164
0.00039155648416
0.000390449560723
0.000389367609029
0.000388304384444
0.000387148097644
0.000386087519799
0.000385280800432
0.000384521848612
0.000383624899165
0.000382734633635
0.000381994057057
0.000381324742445
0.000380629301929
0.000379822200659
0.000378858166723
0.000377867883329
0.000376960411068
0.000376029058813
0.000374967860844
0.000373799697147
0.000372680434355
0.000371600247804
0.000370444764049
0.000369355933381
0.000368457217489
0.000367592778705
0.000366625047841
0.000365695295195
0.000364928981671
0.000364175421206
0.000363301620855
0.000362449933235
0.000361746711099
0.000361044797914
0.000360214314946
0.00035939776705
0.000358736993712
0.000358219319359
0.00035769045063
0.000357147245379
0.000356694116374
0.000356191914722
0.000355523940816
0.000354871386192
0.000354388756583
0.000353896731027
0.000353233522892
0.000352538909568
0.000351950064115
0.000351400091507
0.000350803957108
0.000350086648296
0.000349213197491
0.000348340477047
0.00034759523022
0.000346839996673
0.000345953193992
0.000345073822575
0.000344325031103
0.000343569605325
0.000342686337537
0.000341812438293
0.000341069515814
0.00034032131216
0.000339447475522
0.000338583687281
0.000337850212478
0.000337111918892
0.000336249458953
0.000335397120815
0.00033467733444
0.000333988635999
0.000333222270768
0.000332342325373
0.000331346849746
0.000330353896261
0.000329456243782
0.000328556962746
0.000327576841204
0.000326680011244
0.000326010451729
0.00032548764611
0.000325010939114
0.000324492229789
0.000323867119324
0.000323110954527
0.000322228675159
0.000321368554859
0.000320644886896
0.000319927393979
0.000319100869748
0.000318291503061
0.000317611156496
0.000316931178936
0.000316137994876
0.000315357231309
0.000314700286611
0.000314040324223
0.00031326537287
0.000312500310196
0.000311855852395
0.000311206658647
0.000310442078036
0.00030968608421
0.000309048580166
0.000308405536459
0.000307647459792
0.000306897330765
0.000306264164078
0.000305625139276
0.000304871829012
0.0003041261717
0.000303496253615
0.000302860405645
0.000302114274182
0.000301407954467
0.00030086932645
0.000300342266396
0.000299686006792
0.000299016811264
0.000298449115277
0.000297924224685
0.000297368295393
0.000296716350075
0.000295934612471
0.000295126509313
0.000294378352112
0.000293607760686
0.000292747698348
0.000291947285912
0.00029132841427
0.00029073701879
0.000290034174267
0.000289330515473
0.000288732275754
0.000288153128398
0.000287500383268
0.00028674403498
0.000285886164986
0.000285057085798
0.000284357140155
0.000283669491059
0.000282893692148
0.00028216828801
0.000281611275919
0.000281074583329
0.000280413355537
0.000279626346669
0.000278748137349
0.000277910119656
0.000277209029972
0.000276528934881
0.000275767303393
0.000275031507144
0.000274416780278
0.000273809937734
0.000273113871953
0.000272462782057
0.000271971019453
0.000271495633529
0.000270910547865
0.000270346295965
0.00026992157076
0.000269524423813
0.000269038027163
0.000268431992689
0.000267708240581
0.000266965474066
0.000266281600482
0.000265581235133
0.00026480027769
0.000264047628316
0.000263415020347
0.000262793581575
0.000262087176299
0.000261398972003
0.000260820458677
0.000260245042688
0.000259578653484
0.000258924315233
0.000258373384128
0.000257821131576
0.000257175136226
0.000256537970312
0.000256000563055
0.000255459617421
0.000254823976001
0.000254195553965
0.000253664681757
0.000253129247734
0.000252499138404
0.000251875494174
0.00025134794864
0.000250815440261
0.000250188781023
0.000249568269785
0.000249042788112
0.000248512253919
0.000247888341462
0.000247270471306
0.000246746743267
0.000246218015778
0.000245586751745
0.00024486570495
0.000244159436323
0.000243464053331
0.000242706906932
0.0002419831611
0.000241375504122
0.000240783120316
0.000240117046632
0.00023947119306
0.000238928851854
0.000238391798679
0.000237773367709
0.000237167593958
0.000236657871961
0.00023614798808
0.000235553053739
0.000234966846305
0.000234472499436
0.000233975267427
0.00023339155544
0.000232814626492
0.000232337195137
0.000231951458944
0.000231559927907
0.000231183274322
0.000230905423527
0.00023060896473
0.0002301920209
0.000229769553155
0.000229443536453
0.000229100096667
0.000228634204988
0.000228115947967
0.000227615244342
0.000227072837884
0.000226440942566
0.000225838089652
0.00022536125652
0.000224893910053
0.000224330913443
cambioooooooooo
26.261
--:tiempo 5
El error cuadratico medio se calculo: 
15.6532169113
0.000223759656328
0.000223266068147
0.000222806279259
0.000222602384052
0.000231105525415
0.000292565666685
0.000416767415291
0.000555411369635
0.000688623462487
0.000810761310417
0.000919879054948
0.0010152886761
0.00109699245251
0.00116528314496
0.00122041663692
0.00126282479564
0.001293454022
0.00131322608769
0.00132246665862
0.00132159176998
0.0013117601968
0.00129402634948
0.00126857509843
0.00123568228035
0.00119660865371
0.00115244736623
0.00110309412575
0.00104854025696
0.000989895463783
0.00092816234314
0.000863332223928
0.000795386790355
0.000724716970114
0.000651912608346
0.00057798048263
0.000503971798119
0.000430751128026
0.000359965444811
0.000295165944863
0.000242439129331
0.000211490341709
0.000212867496332
0.000246674683641
0.00030233713562
0.000370151034688
0.000444628798352
0.000522876516756
0.000603299119242
0.000684918837479
0.000767130469767
0.000849738535273
0.00093262241704
0.00101533181019
0.00109748485958
0.00117916213139
0.00126047281503
0.00134128148796
0.00142142494427
0.00150061805345
0.00157866474926
0.00165601526822
0.00173308309428
0.00180977668467
0.00188552319608
0.00196038617287
0.0020348485883
0.00210883806133
0.00218169531811
0.00225370432459
0.00232556331405
0.00239628803307
0.00246497098725
0.00253225017705
0.00259876288273
0.00266390492462
0.00272715618717
0.00278951243925
0.00285182775273
0.00291311354261
0.00297248843665
0.00303100611248
0.00308960719343
0.0031471985325
0.00320270126276
0.0032561314921
0.00330782507896
0.00335941026405
0.00341209999853
0.00346429525642
0.00351461215249
0.00356489880493
0.00361674089216
0.00366803766089
0.00371683326524
0.00376409288078
0.00381084330582
0.00385613814258
0.00389917623738
0.00394148944041
0.0039843751784
0.0040263554081
0.00406616351832
0.00410571103615
0.0041466260525
0.00418688985424
0.00422468396061
0.00426157563395
0.00429910138516
0.00433647239177
0.00437269228311
0.00440683607548
0.0044384100768
0.00446888521463
0.00449962598238
0.00453060497935
0.00456061425957
0.00459059178207
0.00462216850499
0.004653054097
0.00468120987947
0.00470841446319
0.0047364098288
0.00476432804184
0.00479106718365
0.00481561792237
0.00483749839939
0.00485880587934
0.00488123574349
0.00490291281476
0.00492218343166
0.00494097116667
0.00496097661146
0.00498027863659
0.00499718490227
0.00501364850714
0.0050314467489
0.00504910387445
0.00506503838652
0.00507871775585
0.00509015874865
0.00510160738214
0.00511479536213
0.00512767810062
0.00513845098786
0.00514908283072
0.00516131718585
0.0051731064403
0.0051826460481
0.00519194329733
0.00520277648286
0.0052130945305
0.00522108943769
0.00522879792522
0.00523802450414
0.00524670957297
0.00525308930362
0.00525972738643
0.00526880720766
0.00527764466018
0.00528376940185
0.00528869573511
0.0052939456048
0.00529809986623
0.00529995733109
0.00530170026028
0.00530517130371
0.00530826080695
0.00530910525203
0.00530978686815
0.00531215291462
0.00531409498099
0.00531380395124
0.0053138854706
0.00531656196164
0.0053191046131
0.00531905246502
0.00531844905784
0.0053192538997
0.00531992154147
0.00531884355577
0.00531607770283
0.00531227912358
0.00530703902263
0.00529983726199
0.00529294978959
0.00528820378864
0.0052834355575
0.00527651949004
0.00526746497199
0.00525690230125
0.00524774004863
0.00524210561621
0.0052371514012
0.00523040925105
0.00522481932718
0.00522291210614
0.0052213456107
0.00521706623784
0.00521201406381
0.00520809904867
0.00520333628495
0.00519576476305
0.00518550605625
0.00517322585392
0.005161367396
0.00515194430073
0.00514482936035
0.00513935635962
0.00513309377556
0.0051242504762
0.00511492930645
0.00510705556164
0.00509914198545
0.00508958343191
0.00507787446114
0.0050640675719
0.00505048570907
0.00503892754725
0.0050273405397
0.00501370307205
0.00499824220759
0.00498307085624
0.00496809168721
0.00495179667216
0.00493610973097
0.00492271166658
0.00490953784777
0.00489480752936
0.00488089944053
0.00486984997598
0.00485907856698
0.0048462529027
0.00483322560516
0.00482183069895
0.00481109453234
0.00479980268227
0.00478688956336
0.0047717926297
0.00475617463098
0.00474142944127
0.00472622047626
0.00470940560948
0.0046929309479
0.00467844489891
0.00466401798087
0.00464793898978
0.00463204556783
0.00461797586968
0.0046038442653
0.00458797931301
0.00457221028106
0.00455816761838
0.00454400247393
0.00452807585496
0.00451220247749
0.00449799950117
0.00448364864664
0.00446753782972
0.00445146307258
0.00443702473539
0.00442243188962
0.00440609650987
0.00438979332125
0.00437510366701
0.00436026243903
0.00434370433423
0.00432718111916
0.00431225369485
0.00429718215854
0.00428046593361
0.0042642482201
0.0042503649501
0.00423659553847
0.00422088822657
0.00420448403247
0.00418863794314
0.00417220387882
0.00415424658191
0.00413692463674
0.00412201353296
0.00410733992028
0.00409093585188
0.00407438953624
0.00405927187641
0.00404476696191
0.00402985316073
0.00401363911919
0.00399569710321
0.00397782250184
0.00396147195193
0.00394505249797
0.00392699141275
0.00390733602744
0.00388655812167
0.00386649303993
0.00384849471666
0.00383091089074
0.00381227311255
0.00379407165184
0.00377763663787
0.00376137664271
0.00374388039567
0.00372663679713
0.00371097473023
0.00369535591869
0.00367841622318
0.00366163396829
0.00364647413504
0.00363286581603
0.00362035222596
0.00360723101637
0.00359225373926
0.0035769353234
0.00356277915757
0.00354973205545
0.00353630664964
0.0035225127341
0.00350943856072
0.00349574060997
0.00348025157894
0.00346444995841
0.00344965121981
0.00343452219899
0.00341774162287
0.00339939278006
0.00337992297205
0.00336096175254
0.00334371460264
0.00332676511836
0.00330885364265
0.00329129313147
0.0032752546327
0.00325936496861
0.00324240569279
0.00322567804936
0.0032103430734
0.00319507024747
0.00317867906198
0.0031624545162
0.00314754270162
0.0031326478626
0.00311662034371
0.00310072554061
0.00308609176785
0.0030714531662
0.00305568657866
0.00304003586119
0.00302560995848
0.00301117010031
0.0029956171237
0.00298017231579
0.00296592441236
0.0029516600857
0.00293630270764
0.00292105051312
0.00290697164064
0.00289287720664
0.00287771223653
0.00286265175624
0.00284874319177
0.00283482145315
0.00281985264931
0.00280498863774
0.00279136859389
0.00277894579622
0.00276740334454
0.00275571239606
0.00274300373484
0.00272903977367
0.00271388624906
0.00269883756125
0.00268489853904
0.002670980209
0.00265611408103
0.00264138102358
0.0026277439751
0.00261413062185
0.002599589026
0.00258517620889
0.00257183440532
0.00255851401078
0.0025442833181
0.00253017688288
0.00251711693571
0.00250407629753
0.00249014321563
0.00247633036435
0.00246354047118
0.00245076834494
0.0024371217836
0.00242359205771
0.00241106281222
0.00239855037769
0.00238518167902
0.00237192701093
0.00235965131499
0.00234739197739
0.00233429462749
0.0023213089869
0.00230928165153
0.00229727060702
0.00228443977844
0.00227171870537
0.00225993598511
0.00224816976039
0.00223560185622
0.0022231420161
0.00221160118197
0.00220007722428
0.00218768076224
0.00217443825222
0.00216063784541
0.00214752521523
0.00213609982109
0.00212601390783
0.00211674640074
0.00210765253006
0.00209819837568
0.00208794474588
0.00207669481591
0.00206540817121
0.00205486428158
0.0020442504951
0.00203284432374
0.00202148161328
0.00201092686865
0.00200057072863
0.00198975744834
0.00197827799107
0.0019661271622
0.00195402457821
0.00194261676523
0.00193208921471
0.00192241224652
0.00191268396053
0.00190213214797
0.00189078962692
0.00187889680057
0.00186735526632
0.00185683070625
0.00184652692069
0.00183573614763
0.00182518480773
0.00181552102131
0.0018059780742
0.0017958758935
0.00178593510429
0.00177679874156
0.0017677269925
0.00175806363999
0.00174852013885
0.00173973100841
0.00173097776172
0.0017216230691
0.00171236696473
0.00170383356506
0.0016953223241
0.00168622874968
0.00167740523
0.00166963249322
0.00166251509558
0.00165556694326
0.00164851492758
0.00164116051849
0.00163319875136
0.00162446291081
0.00161554456312
0.00160693928548
0.00159820272074
0.0015889548836
0.00157986947709
0.00157151697751
0.00156324730533
0.00155448321587
0.00154585041105
0.00153790660498
0.00153001865672
0.00152163997399
0.00151353349685
0.00150635283687
0.00149930043957
0.00149165421395
0.00148399794026
0.00147690897785
0.00147008983345
0.00146316746591
0.00145581802364
0.00144787244531
0.00143984404288
0.0014321627668
0.00142442167161
0.00141627262991
0.00140830833941
0.00140103059797
0.00139385420649
0.00138625972784
0.00137880064414
0.00137197043415
0.00136520172418
0.00135800481686
0.00135105791108
0.00134494197025
0.00133894415556
0.00133241926511
0.00132588726903
0.00131986250108
0.00131407878142
0.00130820260406
0.00130194417502
0.00129515204611
0.00128828451226
0.00128172542072
0.00127511081565
0.00126807798121
0.00126065649251
0.00125300241892
0.00124582513958
0.00123969260479
0.00123439418094
0.00122960771368
0.00122483298808
0.00121966915959
0.00121400125945
0.0012078509679
0.00120178683429
0.0011962494921
0.00119075034272
0.00118485529647
0.00117904185241
0.0011737352364
0.00116845569392
0.00116277773465
0.00115717089738
0.0011520534638
0.0011469558788
0.00114146170872
0.00113603251566
0.00113107942446
0.00112614222422
0.00112081277556
0.00111554458968
0.0011107415818
0.0011059522907
0.0011007763436
0.00109565925139
0.00109099777504
0.00108634877527
0.00108131926714
0.00107634688617
0.00107182135633
0.00106730752899
0.00106241951405
0.00105758723802
0.00105319354014
0.00104881098604
0.00104406053621
0.00103936459679
0.00103509929254
0.00103084465912
0.00102622829187
0.0010216652755
0.00101752519873
0.00101339534239
0.00100890973766
0.00100447635035
0.00100045841477
0.000996450244335
0.000992092117524
0.000987785083152
0.000983886201775
0.000979996615204
0.00097576266835
0.000971578692382
0.000967795752099
0.000964021620062
0.000959908532396
0.000955844297932
0.000952174160306
0.000948512330972
0.00094452620892
0.000940689007543
0.000937405704288
0.000934185099315
0.000930545346963
0.000926486757541
0.000922090971396
0.000917474261898
0.000913028698077
0.000908727950593
0.000904292849126
0.000900160368305
0.000896697827698
0.000893410279984
0.000889859379199
0.000886465324653
0.000883612637114
0.000880921302233
0.000877996123274
0.00087473056961
0.000871133835545
0.000867610355174
0.000864473361872
0.000861369036138
0.000857983294877
0.000854658329386
0.000851698729135
0.000848757021217
0.000845525286731
0.000842342195998
0.00083950925778
0.000836685627976
0.000833569263538
0.000830494916866
0.000827760549559
0.000825031024898
0.000822017566695
0.000819130473224
0.000816720762842
0.000814361360678
0.000811657892023
0.000808847908053
0.000806171405359
0.000803407498148
0.000800376219787
0.000797491992702
0.000795095154973
0.000792767049368
0.000790128905298
0.000787486212688
0.000785140818478
0.000782935046647
0.000780671506204
0.000778177422007
0.000775369784664
0.000772595268162
0.000770134686734
0.00076767907179
0.000764954234351
0.000762267020297
0.000759897964723
0.000757615269038
0.000755170350431
0.000752481428052
0.00074955119456
0.000746721202759
0.000744255142377
0.000741843810373
0.000739212822598
0.000736652793123
0.00073442242893
0.000732219876392
0.000729777744799
0.000727385578738
0.000725301133038
0.000723229109593
0.00072090793499
0.00071862521194
0.000716636880277
0.000714652755141
0.000712415793076
0.000710211068888
0.000708292217703
0.000706373314327
0.000704201086637
0.000702057769006
0.000700194433777
0.000698328910664
0.000696211252159
0.000694120703122
0.00069230565257
0.000690487378737
0.00068841898836
0.000686376683944
0.000684606131597
0.000682831862802
0.000680809866793
0.000678813306312
0.000677085131313
0.000675352992682
0.000673375645074
0.000671423245422
0.000669764543011
0.000668378288768
0.000666976423299
0.000665553556158
0.000664306832586
0.000662976944503
0.000661338946854
0.00065966751058
0.000658206711976
0.000656700403038
0.000654921606938
0.000653138347889
0.000651588710576
0.000650015223553
0.000648189744654
0.000646375094367
0.000644804828603
0.000643221983392
0.00064140528171
0.000639675510993
0.000638306864997
0.000636968315223
0.000635335073966
0.000633407833612
0.000631267575734
0.000629214817743
0.000627471801625
0.000625777314782
0.000623899534838
0.000622083016474
0.000620545314968
0.000619030691688
0.000617312689449
0.000615635710125
0.000614217244634
0.000612806901956
0.000611182972487
0.000609588924075
0.000608241340875
0.00060689384924
0.000605328301099
0.000603786667388
0.000602484147427
0.000601177567489
0.000599651612093
0.000598146431749
0.000596875574456
0.000595598598752
0.000594102606687
0.000592625756377
0.000591379803613
0.000590126770606
0.000588661821677
0.000587278133728
0.000586226289476
0.000585201119669
0.000583932610331
0.000582704299774
0.000581774558993
0.000580903399132
0.000579839913356
0.000578519547346
0.000576946872141
0.000575335368527
0.0005738540464
0.000572340738939
0.000570662659499
0.000569110287001
0.000567921743156
0.000566794908836
0.000565462353104
0.000564194447609
0.000563237817477
0.000562356396111
0.00056130398768
0.000560015552666
0.00055849896923
0.000557013296834
0.000555759214978
0.000554512414703
0.000553073914672
0.000551663680598
0.000550477216749
0.000549292244267
0.000547911933845
0.000546554659799
0.000545437729255
0.000544543023254
0.00054363588643
0.000542711648378
0.00054193010579
0.000541079771657
0.000539982624101
0.000538914278835
0.000538110392279
0.000537298321123
0.000536226120765
0.000535054255785
0.000533943840909
0.000532752772804
0.00053135499194
0.000529923414878
0.000528627968095
0.000527465469115
0.00052627896039
0.000525123837183
0.000524159123894
0.000523172941617
0.00052198562055
0.000520858762701
0.000520016007551
0.000519188484298
0.000518138298998
0.000517117933172
0.000516357337891
0.000515644471194
0.000514757493083
0.000513639650443
0.000512295422602
0.000510914590116
0.000509647398599
0.000508350159552
0.000506900168333
0.000505506245857
0.000504344821608
0.000503207656535
0.000501910295435
0.000500650371832
0.000499603662529
0.000498566025595
0.000497356741739
0.00049617311062
0.000495190607102
0.000494208497806
0.000493049090924
0.000491908858925
0.000490962495349
0.000490011885042
0.000488881656269
0.000487767120389
0.000486841909787
0.000485910063965
0.000484798118452
0.000483700030563
0.000482788211567
0.000481868593698
0.000480769386305
0.00047968308563
0.00047878079409
0.000477870188538
0.000476781020763
0.000475704269731
0.000474828684009
0.000474147912081
0.000473605489281
0.000472982189697
0.000472117323905
0.000471208406899
0.000470431200627
0.000469605696585
0.000468553695585
0.000467285917434
0.000465862459471
0.000464504015173
0.000463373582783
0.000462278322782
0.000461047169559
0.000459860117701
0.000458895603726
0.000458143005206
0.000457543731211
0.000456882617364
0.000455983376169
0.000454857959114
0.000453566679371
0.000452325844104
0.000451295475912
0.000450289450436
0.000449142677749
0.000448031416236
0.000447112353257
0.00044620238056
0.000445143884674
0.000444156239078
0.000443426917621
0.000442723523988
0.000441840514094
0.000440991071722
0.000440369497419
0.000439793437306
0.000439072420765
0.000438156975472
0.000437050031442
0.000435912680676
0.000434872419869
0.000433806206333
0.000432613335411
0.000431513593894
0.000430687112804
0.000429904938128
0.000428964472627
0.000428070604455
0.000427405915534
0.000426749995584
0.000425903720889
0.000425033317894
0.000424294092162
0.00042352133271
0.000422552352763
0.000421395330176
0.000420103235311
0.000418874087333
0.000417854009277
0.000416868277681
0.000415766093734
0.000414749583592
0.000413991369774
0.000413271544416
0.00041239561113
0.000411560839315
0.000410947162663
0.000410382901251
0.00040968898283
0.000408818237344
0.000407772570357
0.000406701620986
0.00040572377481
0.000404723689399
0.000403602904389
0.000402526943814
0.000401635656511
0.000400762856244
0.000399765396669
0.000398839111327
0.000398151321223
0.000397492134214
0.000396675922553
0.000395893379757
0.000395314415183
0.000394736421334
0.000393972422788
0.000393138874795
0.000392352955691
0.000391509308786
0.000390518448865
0.000389544615879
0.000388726684211
0.000387908069633
0.000386950074042
0.000386006895033
0.000385215569898
0.000384421032832
0.00038348601217
0.000382563550754
0.00038178968188
0.000381010987561
0.000380091659428
0.000379183545025
0.000378421609014
0.000377653944768
0.000376746083903
0.000375848632749
0.00037509544881
0.000374336051006
0.000373422239296
0.000372373004996
0.000371347102526
0.000370338663386
0.000369236976465
0.000368186362843
0.000367312623937
0.000366462693183
0.00036550110223
0.000364570293657
0.00036379700898
0.000363032141155
0.000362129199494
0.000361089940831
0.000359959081867
0.000358938160325
0.000358174542284
0.000357472503327
0.00035666228985
0.000355945681555
0.000355496440566
0.000355085979523
0.000354501750568
0.000353841927396
0.000353212539644
0.000352520189553
0.000351685701658
0.00035085797718
0.000350162958188
0.000349460665632
0.000348627130071
0.000347801905269
0.000347108986954
0.000346409275518
0.000345583096126
0.000344802183335
0.000344213264011
0.000343637733881
0.000342900475033
0.000342001498085
0.000340990952836
0.000340096656001
0.000339485242464
0.000338935298154
0.00033824069199
0.000337492587756
0.000336789954698
0.00033604137652
0.000335169264507
0.000334314098953
0.000333594673962
0.00033287617818
0.000332039214692
0.000331215864872
0.00033052352392
0.000329828920147
0.000329014088276
0.000328210231128
0.000327533975664
0.000326853594613
0.000326052491218
0.000325260895718
0.000324594561346
0.000323923131961
0.000323118244072
0.000322183291557
0.000321143493764
0.000320039086872
0.000319043588222
0.000318262452841
0.000317650932812
0.000317172154402
0.000316728376866
0.000316179552826
0.000315474425401
0.000314692904673
0.000313906912603
0.000313067428081
0.000312140073159
0.000311288801509
0.000310642744504
0.000310035368464
0.000309319293586
0.000308641308094
0.000308135323261
0.000307671419974
0.000307114278496
0.000306427770583
0.000305612714551
0.000304780813763
0.000304020403841
0.00030324461873
0.000302379315038
0.00030154830784
0.000300856204308
0.000300178263064
0.00029940705053
0.000298689180962
0.000298149921901
0.000297631946408
0.000296996130926
0.000296385256525
0.000295929503228
0.000295505794759
0.000294985667781
0.000294335573332
0.000293557257714
0.000292758803224
0.000292025734798
0.000291275236915
0.000290439539441
0.00028966620733
0.000289076170399
0.000288515592555
0.00028784836503
0.000287212019155
0.000286731981286
0.000286288084643
0.000285755032585
0.000285099721493
0.000284326194766
0.000283566345629
0.000282922324908
0.000282279983151
0.000281538100776
0.000280808699234
0.000280191318294
0.000279572852105
0.000278853181131
0.000278143514959
0.000277542708047
0.000276939030422
0.000276233583436
0.000275536717728
0.000274946517086
0.000274352474476
0.000273656774994
0.00027296884918
0.000272385958223
0.0002717987231
0.000271110327386
0.000270429247174
0.000269851892722
0.000269269955921
0.000268587568094
0.000267912233353
0.000267339496293
0.000266762084491
0.000266087704398
0.000265448635003
0.000264957892802
0.000264477869486
0.000263884221119
0.000263279377269
0.000262761712905
0.000262254073894
0.000261673301447
0.000260993093947
0.000260213420273
0.000259428375603
0.000258712195744
0.000257989803365
0.00025719965949
0.000256471473145
0.000255911500746
0.000255382481391
0.00025476297361
0.000254174134165
0.000253726511411
0.000253313231968
0.000252822946512
0.000252226024769
0.000251523255672
0.000250806727189
0.000250149261873
0.000249479389222
0.000248738597586
0.00024805301075
0.000247525978204
0.000247025436387
0.000246434544964
0.00024587091602
0.000245441827952
0.000245044248839
0.00024457077402
0.000243992981569
0.000243314274256
0.000242647510088
0.0002420800918
0.000241514275078
0.000240863390998
0.00024022328715
0.000239679134297
0.00023913413221
0.00023850259803
0.000237879675478
0.000237349939285
0.000236817804183
0.000236198664194
0.000235586910426
0.000235066441963
0.000234542749547
0.000233932180546
0.000233328316802
0.000232814333632
0.000232296713477
0.00023169268081
0.000231094976915
0.000230586027469
0.000230073255205
0.000229474717004
0.0002288822977
0.000228377660176
0.000227869137063
0.000227275589712
0.000226688040244
0.000226187383947
0.000225682842803
0.000225094065525
0.000224511210578
0.000224014405258
0.000223513747665
0.000222929661297
0.000222351443762
cambioooooooooo
--:tiempo 6
El error cuadratico medio se calculo: 
20.356595967
0.000221858456696
0.000221361663831
0.000220782255118
0.000220208671301
0.000617422624098
0.0016428385006
0.00178726499264
0.00121420115828
0.000678010707636
0.000246133332211
0.000436552504697
0.000871712833491
0.00131253743685
0.00174238759831
0.00215339937827
0.00254555489606
0.00292452223932
0.00328982047134
0.00363187660736
0.0039528050627
0.00427632628583
0.00459903967536
0.00488630985667
0.00514344932486
0.00540410438861
0.00566521895315
0.00589613881856
0.00610151562906
0.00632313394224
0.00655546480494
0.0067475837658
0.00690669715855
0.00708895789322
0.00728765237234
0.00744253727537
0.00756194070308
0.00771031198625
0.00787994559133
0.00800281371189
0.00808817849422
0.00820732700352
0.00835174345185
0.00844706999275
0.00850332385251
0.00859731005421
0.0087198590498
0.00879153463593
0.00882295544014
0.00889530875331
0.00899890607225
0.00905031046081
0.00906060974948
0.00911439667671
0.00920157975881
0.00923564755379
0.00922804362751
0.00927737437308
0.00937061344744
0.00939646130992
0.00936959058425
0.00939018297219
0.00944755764512
0.00947407024149
0.00947630953501
0.00945257992576
0.00940882715985
0.00941406713281
0.00945741515754
0.00944652693594
0.00939348754639
0.00934297311981
0.00929486243991
0.00929580237713
0.00933493334289
0.00937215995532
0.00940188255769
0.00937408899649
0.00930554740763
0.00928673740426
0.00930682118345
0.00927429388734
0.00920107087231
0.00917742152157
0.0091925853866
0.00915580201264
0.00907887730901
0.00900562859776
0.00893587932934
0.00891498466616
0.00893231964274
0.00889821978223
0.00882435445724
0.00879856120905
0.00881043077674
0.00877221925605
0.0086953327291
0.00866606674699
0.00867414240858
0.00863298391087
0.00855383590737
0.00852178631172
0.00852669618841
0.00848322660825
0.00840245359054
0.00837873060683
0.00839964529887
0.00836044232291
0.00827475645943
0.0082452602495
0.00825978212201
0.00822596974468
0.00815480498281
0.00807564870833
0.00799095718939
0.0079409736123
0.00791845665778
0.00786294797312
0.00778222636026
0.00774523343962
0.0077426195283
0.00769582451606
0.00761502566696
0.00757690167911
0.0075723459103
0.007524879115
0.00744440366918
0.00741513218903
0.00742599464305
0.00738371251963
0.00730040613142
0.00726718978233
0.00727327434422
0.00723688229732
0.00716772338448
0.00709182356907
0.00701133485646
0.00697057729674
0.00696111899813
0.0069122451859
0.00683309796955
0.00679248966952
0.00678225075718
0.00673388885925
0.00665625588736
0.00662454892054
0.00662888718971
0.00658611474604
0.0065070223771
0.00646455913847
0.00645099424358
0.00640158823632
0.00632469776309
0.00628349832926
0.00627045583188
0.00622247347066
0.00614769622306
0.00609990125635
0.00607353809571
0.00603777013548
0.00599498879098
0.00593722439017
0.00586829406202
0.00583266735627
0.0058232899904
0.00578102826364
0.00571352282396
0.00567832969797
0.00566861004239
0.0056270492834
0.00556105130947
0.00552652484791
0.00551681128605
0.00547611125338
0.0054116321903
0.00537779561843
0.00536812036969
0.00532829806348
0.00526534294584
0.00523221625057
0.00522261072227
0.00518367915771
0.00512224651058
0.00508984385818
0.00508033436484
0.00504230120477
0.00498238409467
0.00495071481745
0.0049413231835
0.00490419156073
0.00484577856253
0.00482092414228
0.00482242440436
0.00478968134556
0.00473055339498
0.00469221706437
0.00467040933358
0.00464149780885
0.00460730606364
0.00456165111862
0.00450746669496
0.00447323534089
0.00445484405067
0.00441805910673
0.00436726952212
0.00434140582401
0.00433518237694
0.00430427554353
0.00425441382938
0.00422872924509
0.0042221002074
0.00419159043809
0.00414274753696
0.00411746387506
0.00411075109143
0.00408079449913
0.00403299604846
0.0040081504579
0.00400139969046
0.00397202567452
0.00392528813705
0.00390586215974
0.0039078787702
0.00388195226608
0.00383448859234
0.00381357652931
0.00381352815365
0.00379126916999
0.00375190588659
0.00371388260313
0.00367723548225
0.00364652255239
0.00362070068615
0.00358565683327
0.00354373696196
0.00352215153829
0.00351659372723
0.00349095471657
0.00344989958791
0.00342849618602
0.0034225869294
0.00339732649637
0.00335721526608
0.00333623147114
0.00333032990349
0.00330560945554
0.0032664480882
0.00324590656017
0.00324004813697
0.00321588259719
0.00317766987948
0.00315757880877
0.00315177895841
0.00312817264912
0.00309090426599
0.00307126934186
0.00306554149174
0.00304249627503
0.00300616507581
0.00298698955754
0.0029813450236
0.00297384363787
0.00296496279656
0.00293986713774
0.00290236192254
0.00288134678577
0.00287336034976
0.00284944886316
0.00281334343309
0.0027932225556
0.00278572894335
0.0027627744613
0.00272797924024
0.00270866989456
0.00270159238472
0.0026795189127
0.00264595909167
0.00261401708331
0.002583615067
0.0025680694124
0.0025642329845
0.00254571111557
0.00251591369531
0.00250044031711
0.00249626063924
0.00247797172982
0.00244885402624
0.00243367379367
0.00242948362194
0.00241157811141
0.00238314728919
0.00237129317874
0.00237245607781
0.00235667803875
0.00232784358839
0.00231512016517
0.00231505852197
0.0023015341901
0.0022776431038
0.00225170606676
0.00222440286935
0.00220981225873
0.00220525299016
0.0021882609258
0.00216173451761
0.00215019632352
0.00215043536162
0.00213544246346
0.00210871738822
0.00209391895371
0.0020885412215
0.00207161318607
0.00204583759179
0.00203165137399
0.0020266180251
0.00201034220954
0.00198545290796
0.00196176625904
0.00193922434971
0.00192780817042
0.00192516013565
0.00191149870325
0.00188937930961
0.00187799337529
0.00187506938461
0.00186155896626
0.00183992181595
0.00182873409342
0.00182578538101
0.0018125411763
0.00179139453874
0.00178042715157
0.00177748641765
0.00177343820038
0.00176856468553
0.00175622824332
0.00173818758774
0.00171857967557
0.00169792338107
0.00168696459729
0.00168365754259
0.00167085526271
0.00165076999934
0.00164004589569
0.00163670923297
0.00162422267627
0.00160471931974
0.00159431493943
0.00159109107154
0.00157897233362
0.00156003219494
0.00154993557272
0.00154681785897
0.0015350540919
0.0015166595869
0.00150686076192
0.00150384524166
0.00149242516091
0.00147455946194
0.00146504890336
0.00146213179033
0.00145104456188
0.00143369138773
0.0014244598816
0.00142163758954
0.00141087282699
0.00139401661758
0.00138505548028
0.00138232471418
0.00137187247035
0.00135549814332
0.00134679886877
0.00134415637204
0.00133400697985
0.00131809997782
0.00131130141657
0.00131165995441
0.00130275075951
0.00128670133882
0.00127790364414
0.00127483372371
0.00126789581129
0.0012580071482
0.00124508582101
0.00122991614958
0.0012201732385
0.0012147448653
0.00120437631608
0.00119025150596
0.00118287128803
0.00118081192396
0.00117213227272
0.0011583726448
0.0011525978481
0.00115309630963
0.00114545491788
0.00113154056603
0.00112398783063
0.00112145886401
0.00111414146164
0.00110315930693
0.00109116291653
0.001078482383
0.00107192140562
0.00107018761841
0.00106243517136
0.00105006314114
0.00104360875775
0.0010418230401
0.00103422931555
0.00102217870927
0.00101588888235
0.00101414410449
0.00100674637862
0.000995010814144
0.000988882379044
0.00098717789066
0.000979972347022
0.000968545579849
0.000962576129298
0.000960912609081
0.000953895976864
0.000942771692124
0.000936958723979
0.000935336579168
0.00092850542615
0.000917677238771
0.000913161375647
0.000913605320166
0.00090761393002
0.000896662555224
0.000890740874911
0.000888791485357
0.000884152190487
0.000877459561897
0.000868653519245
0.000858278983944
0.000851671798116
0.000848059554186
0.000841007904531
0.00083133971724
0.000827393868221
0.000827943620408
0.000822647057011
0.000812843108973
0.000803517804756
0.000794647846408
0.000792268593674
0.000794970947365
0.000790828343255
0.000781389894237
0.000775340658753
0.0007719864775
0.000765550779102
0.000756771906806
0.000753197047031
0.000753710866485
0.000748908150228
0.000740006310884
0.000735240796853
0.000733741795721
0.000730026537484
0.000724618703903
0.000717466756956
0.000709019404771
0.000703672351391
0.000700789746089
0.000695070712109
0.000687193041117
0.00068317646743
0.000682205923032
0.000677433370637
0.000669741396106
0.000665798110005
0.000664812505387
0.000660140416164
0.000652637960435
0.00064878818231
0.000647820472697
0.000643261763425
0.000635946089549
0.000632188964133
0.000631239776098
0.000626793153312
0.000619661393299
0.000615996250527
0.000615066683573
0.000610730912968
0.00060378008624
0.000600206140004
0.000599297076857
0.000595070795297
0.000588297794829
0.000584814066977
0.000583926225385
0.000579807888373
0.000573209424621
0.000569814813962
0.000568948742143
0.000564936678429
0.000558509347069
0.000555202506534
0.000554358552169
0.000550450938577
0.000544191222995
0.000540970784546
0.000540149231051
0.000536344156424
0.00053024851519
0.000527112972719
0.000526313919633
0.000522609381481
0.000516674139811
0.000513621866046
0.000512845278379
0.000509239222975
0.000503460770227
0.000500490166316
0.000499736043558
0.000496226374899
0.000490601042255
0.00048771036757
0.000486978487087
0.000483563021927
0.000478087104833
0.000475274624368
0.000474564791364
cambioooooooooo
--:tiempo total
1763.04
la velocidad mayor fue
12.8153917092
El error cuadratico medio se calculo: 
22.5290502986
0.00047124141624
0.000465911267375
0.000463175210216
0.000462487129748
